   r(mas)        I/I0_B        I/I0_V        I/I0_R        I/I0_I        I/I0_H        I/I0_K
0.0000000e+00 1.0000000e+00 1.0000000e+00 1.0000000e+00 1.0000000e+00 1.0000000e+00 1.0000000e+00
2.0253711e-02 1.0000000e+00 1.0000000e+00 1.0000000e+00 1.0000000e+00 1.0000000e+00 1.0000000e+00
2.8635907e-02 9.9894930e-01 9.9922950e-01 9.9939340e-01 9.9952000e-01 9.9987100e-01 9.9971990e-01
3.5062902e-02 9.9783280e-01 9.9830360e-01 9.9869230e-01 9.9900500e-01 9.9948900e-01 9.9956490e-01
4.0477014e-02 9.9674350e-01 9.9754720e-01 9.9805240e-01 9.9849180e-01 9.9922190e-01 9.9924020e-01
4.5243340e-02 9.9569020e-01 9.9669900e-01 9.9731900e-01 9.9801170e-01 9.9902880e-01 9.9907200e-01
4.9549172e-02 9.9455250e-01 9.9586210e-01 9.9664200e-01 9.9738010e-01 9.9871550e-01 9.9872640e-01
5.3505801e-02 9.9344230e-01 9.9506190e-01 9.9594370e-01 9.9680900e-01 9.9851040e-01 9.9859230e-01
5.7185755e-02 9.9236840e-01 9.9431820e-01 9.9533840e-01 9.9629640e-01 9.9818270e-01 9.9846050e-01
6.0639427e-02 9.9130110e-01 9.9346850e-01 9.9469360e-01 9.9578190e-01 9.9791740e-01 9.9801790e-01
6.3903514e-02 9.9022030e-01 9.9256810e-01 9.9397810e-01 9.9527050e-01 9.9763050e-01 9.9798070e-01
6.7005729e-02 9.8910560e-01 9.9168720e-01 9.9326720e-01 9.9479050e-01 9.9740790e-01 9.9771770e-01
6.9967606e-02 9.8806160e-01 9.9092440e-01 9.9259730e-01 9.9414620e-01 9.9716040e-01 9.9745190e-01
7.2806275e-02 9.8695930e-01 9.9010110e-01 9.9194070e-01 9.9362950e-01 9.9686730e-01 9.9725780e-01
7.5535628e-02 9.8590750e-01 9.8932100e-01 9.9132620e-01 9.9312390e-01 9.9651910e-01 9.9702640e-01
7.8167116e-02 9.8482580e-01 9.8840340e-01 9.9060060e-01 9.9261200e-01 9.9631110e-01 9.9685680e-01
8.0710312e-02 9.8370870e-01 9.8761850e-01 9.8984890e-01 9.9209090e-01 9.9608920e-01 9.9663060e-01
8.3173317e-02 9.8264180e-01 9.8686900e-01 9.8918250e-01 9.9156430e-01 9.9575270e-01 9.9635210e-01
8.5563054e-02 9.8158010e-01 9.8613590e-01 9.8857680e-01 9.9091850e-01 9.9552340e-01 9.9614190e-01
8.7885503e-02 9.8049410e-01 9.8529720e-01 9.8791700e-01 9.9043330e-01 9.9529720e-01 9.9585700e-01
9.0145862e-02 9.7941690e-01 9.8422680e-01 9.8723520e-01 9.8992010e-01 9.9491600e-01 9.9563720e-01
9.2348692e-02 9.7829480e-01 9.8344920e-01 9.8649500e-01 9.8935850e-01 9.9478150e-01 9.9553040e-01
9.4498015e-02 9.7723540e-01 9.8263590e-01 9.8585140e-01 9.8884410e-01 9.9440040e-01 9.9526200e-01
9.6597404e-02 9.7619280e-01 9.8181870e-01 9.8518960e-01 9.8836350e-01 9.9422690e-01 9.9502570e-01
9.8650046e-02 9.7508360e-01 9.8105180e-01 9.8447460e-01 9.8775670e-01 9.9395090e-01 9.9482770e-01
1.0065880e-01 9.7400880e-01 9.8026160e-01 9.8385240e-01 9.8717110e-01 9.9360840e-01 9.9445140e-01
1.0262625e-01 9.7295010e-01 9.7948220e-01 9.8311780e-01 9.8669100e-01 9.9346660e-01 9.9445140e-01
1.0455472e-01 9.7187140e-01 9.7866070e-01 9.8248430e-01 9.8617140e-01 9.9313970e-01 9.9409630e-01
1.0644633e-01 9.7078900e-01 9.7774740e-01 9.8179270e-01 9.8569140e-01 9.9283950e-01 9.9385640e-01
1.0830301e-01 9.6967720e-01 9.7684000e-01 9.8115060e-01 9.8514320e-01 9.9258990e-01 9.9370630e-01
1.1012653e-01 9.6860890e-01 9.7610300e-01 9.8054320e-01 9.8460940e-01 9.9237930e-01 9.9350130e-01
1.1191851e-01 9.6753390e-01 9.7528780e-01 9.7978070e-01 9.8401230e-01 9.9207180e-01 9.9319200e-01
1.1368044e-01 9.6644550e-01 9.7444460e-01 9.7903730e-01 9.8349510e-01 9.9178020e-01 9.9296290e-01
1.1541370e-01 9.6541820e-01 9.7368300e-01 9.7842340e-01 9.8295060e-01 9.9156920e-01 9.9283130e-01
1.1711956e-01 9.6429660e-01 9.7288670e-01 9.7779370e-01 9.8244500e-01 9.9132930e-01 9.9262980e-01
1.1879920e-01 9.6322010e-01 9.7207270e-01 9.7716500e-01 9.8193060e-01 9.9098110e-01 9.9235140e-01
1.2045371e-01 9.6216820e-01 9.7122350e-01 9.7643330e-01 9.8138860e-01 9.9072080e-01 9.9211640e-01
1.2208413e-01 9.6107280e-01 9.7030060e-01 9.7565230e-01 9.8080830e-01 9.9051590e-01 9.9185620e-01
1.2369140e-01 9.6002060e-01 9.6956730e-01 9.7504520e-01 9.8027510e-01 9.9020860e-01 9.9170350e-01
1.2527641e-01 9.5892630e-01 9.6875070e-01 9.7443320e-01 9.7979510e-01 9.8989010e-01 9.9152130e-01
1.2684000e-01 9.5785800e-01 9.6794670e-01 9.7380620e-01 9.7931510e-01 9.8968370e-01 9.9120830e-01
1.2838295e-01 9.5676250e-01 9.6707490e-01 9.7302930e-01 9.7868940e-01 9.8940450e-01 9.9104140e-01
1.2990599e-01 9.5571250e-01 9.6620700e-01 9.7236650e-01 9.7814500e-01 9.8919010e-01 9.9069490e-01
1.3140983e-01 9.5466400e-01 9.6545370e-01 9.7166180e-01 9.7761550e-01 9.8890800e-01 9.9056700e-01
1.3289510e-01 9.5357020e-01 9.6471790e-01 9.7102210e-01 9.7706780e-01 9.8853840e-01 9.9029790e-01
1.3436243e-01 9.5249850e-01 9.6392370e-01 9.7034150e-01 9.7655450e-01 9.8842590e-01 9.9009980e-01
1.3581239e-01 9.5143220e-01 9.6298010e-01 9.6964350e-01 9.7607450e-01 9.8809820e-01 9.8995550e-01
1.3724554e-01 9.5035510e-01 9.6216880e-01 9.6902630e-01 9.7556300e-01 9.8779660e-01 9.8959520e-01
1.3866240e-01 9.4928350e-01 9.6144070e-01 9.6841700e-01 9.7500500e-01 9.8750980e-01 9.8942130e-01
1.4006347e-01 9.4821830e-01 9.6055840e-01 9.6765630e-01 9.7444290e-01 9.8732940e-01 9.8930750e-01
1.4144920e-01 9.4714450e-01 9.5972030e-01 9.6698100e-01 9.7387940e-01 9.8703240e-01 9.8893740e-01
1.4282006e-01 9.4602850e-01 9.5886140e-01 9.6626350e-01 9.7336160e-01 9.8674650e-01 9.8877340e-01
1.4417646e-01 9.4499100e-01 9.5812370e-01 9.6566200e-01 9.7288160e-01 9.8645270e-01 9.8853550e-01
1.4551880e-01 9.4393860e-01 9.5732210e-01 9.6505360e-01 9.7231690e-01 9.8627930e-01 9.8833490e-01
1.4684748e-01 9.4289080e-01 9.5650400e-01 9.6426110e-01 9.7180360e-01 9.8597680e-01 9.8816190e-01
1.4816286e-01 9.4180630e-01 9.5569520e-01 9.6367660e-01 9.7126360e-01 9.8568620e-01 9.8773980e-01
1.4946529e-01 9.4074560e-01 9.5492420e-01 9.6303390e-01 9.7073360e-01 9.8540030e-01 9.8772340e-01
1.5075511e-01 9.3970100e-01 9.5409820e-01 9.6228200e-01 9.7018590e-01 9.8517400e-01 9.8749370e-01
1.5203263e-01 9.3856470e-01 9.5321470e-01 9.6157950e-01 9.6970590e-01 9.8488590e-01 9.8712830e-01
1.5329817e-01 9.3748310e-01 9.5247970e-01 9.6095100e-01 9.6915000e-01 9.8463290e-01 9.8709240e-01
1.5455202e-01 9.3643600e-01 9.5157550e-01 9.6031680e-01 9.6863550e-01 9.8427960e-01 9.8674850e-01
1.5579446e-01 9.3537310e-01 9.5080160e-01 9.5970490e-01 9.6809110e-01 9.8420980e-01 9.8653330e-01
1.5702577e-01 9.3432560e-01 9.4994500e-01 9.5890900e-01 9.6747730e-01 9.8386740e-01 9.8627970e-01
1.5824620e-01 9.3322350e-01 9.4918260e-01 9.5821610e-01 9.6699730e-01 9.8348760e-01 9.8607430e-01
1.5945600e-01 9.3218940e-01 9.4844780e-01 9.5757960e-01 9.6646050e-01 9.8328120e-01 9.8581840e-01
1.6065541e-01 9.3113370e-01 9.4759280e-01 9.5696410e-01 9.6589580e-01 9.8305530e-01 9.8560390e-01
1.6184467e-01 9.3006350e-01 9.4669300e-01 9.5633280e-01 9.6540960e-01 9.8275500e-01 9.8542640e-01
1.6302399e-01 9.2904290e-01 9.4582450e-01 9.5558880e-01 9.6492960e-01 9.8246910e-01 9.8514630e-01
1.6419360e-01 9.2795130e-01 9.4507800e-01 9.5491730e-01 9.6438120e-01 9.8225850e-01 9.8500880e-01
1.6535369e-01 9.2688940e-01 9.4434900e-01 9.5425270e-01 9.6379510e-01 9.8196550e-01 9.8474790e-01
1.6650446e-01 9.2586460e-01 9.4357130e-01 9.5359510e-01 9.6324740e-01 9.8165700e-01 9.8460570e-01
1.6764611e-01 9.2480030e-01 9.4271290e-01 9.5297330e-01 9.6268860e-01 9.8144840e-01 9.8419820e-01
1.6877883e-01 9.2374120e-01 9.4193700e-01 9.5227640e-01 9.6220860e-01 9.8120850e-01 9.8411690e-01
1.6990278e-01 9.2266420e-01 9.4104610e-01 9.5154920e-01 9.6172850e-01 9.8089750e-01 9.8386050e-01
1.7101815e-01 9.2162350e-01 9.4023950e-01 9.5093490e-01 9.6124850e-01 9.8056980e-01 9.8362390e-01
1.7212510e-01 9.2055990e-01 9.3938070e-01 9.5030050e-01 9.6065480e-01 9.8039510e-01 9.8339170e-01
1.7322379e-01 9.1951120e-01 9.3858480e-01 9.4961990e-01 9.6011770e-01 9.8008780e-01 9.8319850e-01
1.7431438e-01 9.1845630e-01 9.3785150e-01 9.4894150e-01 9.5954480e-01 9.7980560e-01 9.8287820e-01
1.7539701e-01 9.1742270e-01 9.3706420e-01 9.4819800e-01 9.5901450e-01 9.7959930e-01 9.8264880e-01
1.7647185e-01 9.1635610e-01 9.3627820e-01 9.4755780e-01 9.5850260e-01 9.7925590e-01 9.8258700e-01
1.7753902e-01 9.1529730e-01 9.3543980e-01 9.4694470e-01 9.5798940e-01 9.7908020e-01 9.8227060e-01
1.7859866e-01 9.1426400e-01 9.3464080e-01 9.4629610e-01 9.5750900e-01 9.7877790e-01 9.8203730e-01
1.7965091e-01 9.1320760e-01 9.3391170e-01 9.4567190e-01 9.5694510e-01 9.7844470e-01 9.8177850e-01
1.8069590e-01 9.1214830e-01 9.3302100e-01 9.4503410e-01 9.5641910e-01 9.7825530e-01 9.8157830e-01
1.8173375e-01 9.1111250e-01 9.3219680e-01 9.4425290e-01 9.5584570e-01 9.7795050e-01 9.8141020e-01
1.8276459e-01 9.1006790e-01 9.3124730e-01 9.4349440e-01 9.5535950e-01 9.7767580e-01 9.8110000e-01
1.8378853e-01 9.0901890e-01 9.3052000e-01 9.4292930e-01 9.5487950e-01 9.7742530e-01 9.8093040e-01
1.8480568e-01 9.0796270e-01 9.2978810e-01 9.4233110e-01 9.5436690e-01 9.7713230e-01 9.8073160e-01
1.8581616e-01 9.0693940e-01 9.2899240e-01 9.4172700e-01 9.5385290e-01 9.7688760e-01 9.8037130e-01
1.8682008e-01 9.0591390e-01 9.2823820e-01 9.4101160e-01 9.5323030e-01 9.7659790e-01 9.8033540e-01
1.8781754e-01 9.0484390e-01 9.2737820e-01 9.4025070e-01 9.5266280e-01 9.7636820e-01 9.7997610e-01
1.8880864e-01 9.0383480e-01 9.2658410e-01 9.3957370e-01 9.5211800e-01 9.7603880e-01 9.7979700e-01
1.8979349e-01 9.0276130e-01 9.2577350e-01 9.3894760e-01 9.5163800e-01 9.7585600e-01 9.7965690e-01
1.9077217e-01 9.0174760e-01 9.2504350e-01 9.3838250e-01 9.5115800e-01 9.7552920e-01 9.7938260e-01
1.9174479e-01 9.0068350e-01 9.2431430e-01 9.3776540e-01 9.5066030e-01 9.7528800e-01 9.7916390e-01
1.9271144e-01 8.9965610e-01 9.2342410e-01 9.3697120e-01 9.5013460e-01 9.7496990e-01 9.7892760e-01
1.9367220e-01 8.9860440e-01 9.2250490e-01 9.3629450e-01 9.4957090e-01 9.7472640e-01 9.7869030e-01
1.9462717e-01 8.9756920e-01 9.2166380e-01 9.3565570e-01 9.4905830e-01 9.7451210e-01 9.7851600e-01
1.9557642e-01 8.9653580e-01 9.2093960e-01 9.3505110e-01 9.4853860e-01 9.7416730e-01 9.7831610e-01
1.9652005e-01 8.9551520e-01 9.2020900e-01 9.3441450e-01 9.4800110e-01 9.7397210e-01 9.7797540e-01
1.9745812e-01 8.9446480e-01 9.1940680e-01 9.3367410e-01 9.4745930e-01 9.7370790e-01 9.7782320e-01
1.9839073e-01 8.9344650e-01 9.1860510e-01 9.3299890e-01 9.4697920e-01 9.7336450e-01 9.7751490e-01
1.9931794e-01 8.9243660e-01 9.1774120e-01 9.3235070e-01 9.4643430e-01 9.7316200e-01 9.7736390e-01
2.0023984e-01 8.9142580e-01 9.1694950e-01 9.3175600e-01 9.4590730e-01 9.7290660e-01 9.7722820e-01
2.0115648e-01 8.9040140e-01 9.1620040e-01 9.3111630e-01 9.4536260e-01 9.7255840e-01 9.7685050e-01
2.0206796e-01 8.8935740e-01 9.1541030e-01 9.3042270e-01 9.4485990e-01 9.7230970e-01 9.7668750e-01
2.0297433e-01 8.8833690e-01 9.1466620e-01 9.2977790e-01 9.4436140e-01 9.7209080e-01 9.7647040e-01
2.0387567e-01 8.8731120e-01 9.1386780e-01 9.2902980e-01 9.4385580e-01 9.7179290e-01 9.7625540e-01
2.0477203e-01 8.8627880e-01 9.1314030e-01 9.2844080e-01 9.4333150e-01 9.7150610e-01 9.7597690e-01
2.0566350e-01 8.8526850e-01 9.1235940e-01 9.2785290e-01 9.4284920e-01 9.7121540e-01 9.7579620e-01
2.0655012e-01 8.8421970e-01 9.1148160e-01 9.2715280e-01 9.4223850e-01 9.7104290e-01 9.7550980e-01
2.0743196e-01 8.8320420e-01 9.1066460e-01 9.2649300e-01 9.4169100e-01 9.7077670e-01 9.7538180e-01
2.0830908e-01 8.8216470e-01 9.0975810e-01 9.2586930e-01 9.4121090e-01 9.7044900e-01 9.7513180e-01
2.0918155e-01 8.8113490e-01 9.0896020e-01 9.2512530e-01 9.4069130e-01 9.7011960e-01 9.7484770e-01
2.1004941e-01 8.8014430e-01 9.0823720e-01 9.2456020e-01 9.4021130e-01 9.6989680e-01 9.7470600e-01
2.1091273e-01 8.7911880e-01 9.0738660e-01 9.2382280e-01 9.3967470e-01 9.6967560e-01 9.7438840e-01
2.1177156e-01 8.7810060e-01 9.0665730e-01 9.2319440e-01 9.3913460e-01 9.6938940e-01 9.7429810e-01
2.1262596e-01 8.7709640e-01 9.0593370e-01 9.2259840e-01 9.3862060e-01 9.6909640e-01 9.7389550e-01
2.1347598e-01 8.7606630e-01 9.0512610e-01 9.2187200e-01 9.3809250e-01 9.6880350e-01 9.7381410e-01
2.1432167e-01 8.7505570e-01 9.0440200e-01 9.2129950e-01 9.3757810e-01 9.6862920e-01 9.7360740e-01
2.1516308e-01 8.7403710e-01 9.0351380e-01 9.2056730e-01 9.3704260e-01 9.6827590e-01 9.7321910e-01
2.1600026e-01 8.7303850e-01 9.0279000e-01 9.1993310e-01 9.3646120e-01 9.6802520e-01 9.7311380e-01
2.1683327e-01 8.7203320e-01 9.0200430e-01 9.1929810e-01 9.3596940e-01 9.6775340e-01 9.7294530e-01
2.1766214e-01 8.7099660e-01 9.0127400e-01 9.1863960e-01 9.3545560e-01 9.6747910e-01 9.7255470e-01
2.1848693e-01 8.6996280e-01 9.0032810e-01 9.1798880e-01 9.3495000e-01 9.6718750e-01 9.7237100e-01
2.1930768e-01 8.6898420e-01 8.9951720e-01 9.1729090e-01 9.3443600e-01 9.6697770e-01 9.7221230e-01
2.2012444e-01 8.6797950e-01 8.9877130e-01 9.1663930e-01 9.3394050e-01 9.6662950e-01 9.7195970e-01
2.2093725e-01 8.6697070e-01 8.9804320e-01 9.1601510e-01 9.3342610e-01 9.6638330e-01 9.7175950e-01
2.2174616e-01 8.6595960e-01 8.9731920e-01 9.1543240e-01 9.3294550e-01 9.6621730e-01 9.7148520e-01
2.2255121e-01 8.6493470e-01 8.9646480e-01 9.1474150e-01 9.3237620e-01 9.6583840e-01 9.7128120e-01
2.2335243e-01 8.6393680e-01 8.9557840e-01 9.1408430e-01 9.3183330e-01 9.6553600e-01 9.7103030e-01
2.2414987e-01 8.6293550e-01 8.9480350e-01 9.1343640e-01 9.3131380e-01 9.6536040e-01 9.7080670e-01
2.2494358e-01 8.6192440e-01 8.9406060e-01 9.1279230e-01 9.3079980e-01 9.6507580e-01 9.7060690e-01
2.2573359e-01 8.6092010e-01 8.9330790e-01 9.1208450e-01 9.3023380e-01 9.6481900e-01 9.7041880e-01
2.2651993e-01 8.5988780e-01 8.9257860e-01 9.1146900e-01 9.2970390e-01 9.6443780e-01 9.7015880e-01
2.2730265e-01 8.5892900e-01 8.9184780e-01 9.1086130e-01 9.2920160e-01 9.6423340e-01 9.6993480e-01
2.2808179e-01 8.5794630e-01 8.9095880e-01 9.1012840e-01 9.2867540e-01 9.6400780e-01 9.6962460e-01
2.2885738e-01 8.5692200e-01 8.9022120e-01 9.0950110e-01 9.2815870e-01 9.6366440e-01 9.6946650e-01
2.2962945e-01 8.5592390e-01 8.8942970e-01 9.0890380e-01 9.2764650e-01 9.6342330e-01 9.6927280e-01
2.3039804e-01 8.5494930e-01 8.8867960e-01 9.0823910e-01 9.2716650e-01 9.6313960e-01 9.6901310e-01
2.3116320e-01 8.5390690e-01 8.8784380e-01 9.0755990e-01 9.2661990e-01 9.6286530e-01 9.6872310e-01
2.3192494e-01 8.5291720e-01 8.8709170e-01 9.0690470e-01 9.2609880e-01 9.6261810e-01 9.6860840e-01
2.3268331e-01 8.5194290e-01 8.8628030e-01 9.0622840e-01 9.2555110e-01 9.6231820e-01 9.6835810e-01
2.3343833e-01 8.5094120e-01 8.8548980e-01 9.0560420e-01 9.2507110e-01 9.6201890e-01 9.6805880e-01
2.3419005e-01 8.4993580e-01 8.8476380e-01 9.0494540e-01 9.2452050e-01 9.6176250e-01 9.6797960e-01
2.3493848e-01 8.4890570e-01 8.8403470e-01 9.0433790e-01 9.2397710e-01 9.6152230e-01 9.6759980e-01
2.3568367e-01 8.4794210e-01 8.8326140e-01 9.0365820e-01 9.2349710e-01 9.6116810e-01 9.6746370e-01
2.3642564e-01 8.4695400e-01 8.8249950e-01 9.0302040e-01 9.2296540e-01 9.6092310e-01 9.6718390e-01
2.3716443e-01 8.4593700e-01 8.8163770e-01 9.0237250e-01 9.2251230e-01 9.6071030e-01 9.6700470e-01
2.3790006e-01 8.4494730e-01 8.8083220e-01 9.0174190e-01 9.2201680e-01 9.6041630e-01 9.6681580e-01
2.3863256e-01 8.4397480e-01 8.8003980e-01 9.0104520e-01 9.2144820e-01 9.6011480e-01 9.6649110e-01
2.3936196e-01 8.4295580e-01 8.7931670e-01 9.0045030e-01 9.2093420e-01 9.5984200e-01 9.6640970e-01
2.4008829e-01 8.4197190e-01 8.7846260e-01 8.9971710e-01 9.2034820e-01 9.5961680e-01 9.6599810e-01
2.4081158e-01 8.4099370e-01 8.7770160e-01 8.9908330e-01 9.1983490e-01 9.5934830e-01 9.6586010e-01
2.4153185e-01 8.3998120e-01 8.7698260e-01 8.9851820e-01 9.1935490e-01 9.5896720e-01 9.6567830e-01
2.4224914e-01 8.3902240e-01 8.7621280e-01 8.9790500e-01 9.1880480e-01 9.5877080e-01 9.6532170e-01
2.4296346e-01 8.3801210e-01 8.7545290e-01 8.9715910e-01 9.1829290e-01 9.5847080e-01 9.6512870e-01
2.4367484e-01 8.3701440e-01 8.7449330e-01 8.9647790e-01 9.1779710e-01 9.5813890e-01 9.6494160e-01
2.4438332e-01 8.3602750e-01 8.7373200e-01 8.9586160e-01 9.1725170e-01 9.5800660e-01 9.6465730e-01
2.4508891e-01 8.3502330e-01 8.7298650e-01 8.9517950e-01 9.1671460e-01 9.5766890e-01 9.6453360e-01
2.4579164e-01 8.3404230e-01 8.7226750e-01 8.9457490e-01 9.1619490e-01 9.5732070e-01 9.6411670e-01
2.4649153e-01 8.3306150e-01 8.7149770e-01 8.9397230e-01 9.1571490e-01 9.5706770e-01 9.6404970e-01
2.4718861e-01 8.3208250e-01 8.7070020e-01 8.9331760e-01 9.1520090e-01 9.5682910e-01 9.6372790e-01
2.4788291e-01 8.3107560e-01 8.6991270e-01 8.9260980e-01 9.1468830e-01 9.5654500e-01 9.6345470e-01
2.4857444e-01 8.3009470e-01 8.6909560e-01 8.9197500e-01 9.1414560e-01 9.5622490e-01 9.6338530e-01
2.4926322e-01 8.2908570e-01 8.6835360e-01 8.9126940e-01 9.1365010e-01 9.5601450e-01 9.6306590e-01
2.4994929e-01 8.2812490e-01 8.6763040e-01 8.9068500e-01 9.1305110e-01 9.5571760e-01 9.6279030e-01
2.5063266e-01 8.2713250e-01 8.6679500e-01 8.9000700e-01 9.1251150e-01 9.5542360e-01 9.6262820e-01
2.5131336e-01 8.2612860e-01 8.6604150e-01 8.8933430e-01 9.1199400e-01 9.5517420e-01 9.6237520e-01
2.5199140e-01 8.2519060e-01 8.6526980e-01 8.8869140e-01 9.1151390e-01 9.5481990e-01 9.6219520e-01
2.5266682e-01 8.2418420e-01 8.6455100e-01 8.8807550e-01 9.1099990e-01 9.5461610e-01 9.6194970e-01
2.5333962e-01 8.2317730e-01 8.6381180e-01 8.8746970e-01 9.1051990e-01 9.5427840e-01 9.6172730e-01
2.5400983e-01 8.2223810e-01 8.6301820e-01 8.8680490e-01 9.0997910e-01 9.5402560e-01 9.6135460e-01
2.5467747e-01 8.2122000e-01 8.6221100e-01 8.8601190e-01 9.0936010e-01 9.5373240e-01 9.6122260e-01
2.5534256e-01 8.2026630e-01 8.6148490e-01 8.8544180e-01 9.0884680e-01 9.5347710e-01 9.6104870e-01
2.5600513e-01 8.1924040e-01 8.6064370e-01 8.8479280e-01 9.0833280e-01 9.5315770e-01 9.6072750e-01
2.5666518e-01 8.1825450e-01 8.5974740e-01 8.8416010e-01 9.0782150e-01 9.5288170e-01 9.6057510e-01
2.5732274e-01 8.1728180e-01 8.5896060e-01 8.8356070e-01 9.0730130e-01 9.5262740e-01 9.6017780e-01
2.5797783e-01 8.1629220e-01 8.5822900e-01 8.8293210e-01 9.0680960e-01 9.5228010e-01 9.6011600e-01
2.5863047e-01 8.1529950e-01 8.5733430e-01 8.8212070e-01 9.0626390e-01 9.5208740e-01 9.5977890e-01
2.5928067e-01 8.1435240e-01 8.5658220e-01 8.8149990e-01 9.0574580e-01 9.5178360e-01 9.5962080e-01
2.5992846e-01 8.1333770e-01 8.5585490e-01 8.8092570e-01 9.0518510e-01 9.5142940e-01 9.5932180e-01
2.6057385e-01 8.1236500e-01 8.5511620e-01 8.8026420e-01 9.0467120e-01 9.5117730e-01 9.5908660e-01
2.6121686e-01 8.1138050e-01 8.5440110e-01 8.7964580e-01 9.0418550e-01 9.5097260e-01 9.5890580e-01
2.6185751e-01 8.1040300e-01 8.5364820e-01 8.7895300e-01 9.0358000e-01 9.5063740e-01 9.5862900e-01
2.6249581e-01 8.0945590e-01 8.5291070e-01 8.7828820e-01 9.0306910e-01 9.5030800e-01 9.5839240e-01
2.6313179e-01 8.0842090e-01 8.5202460e-01 8.7757050e-01 9.0255750e-01 9.5005760e-01 9.5821510e-01
2.6376545e-01 8.0747160e-01 8.5123400e-01 8.7699800e-01 9.0204760e-01 9.4975840e-01 9.5795320e-01
2.6439682e-01 8.0646570e-01 8.5042620e-01 8.7635300e-01 9.0151770e-01 9.4956620e-01 9.5778090e-01
2.6502591e-01 8.0547610e-01 8.4966900e-01 8.7567880e-01 9.0100370e-01 9.4922760e-01 9.5753880e-01
2.6565273e-01 8.0452600e-01 8.4895090e-01 8.7503890e-01 9.0048010e-01 9.4890080e-01 9.5718590e-01
2.6627731e-01 8.0353870e-01 8.4818090e-01 8.7435620e-01 8.9995820e-01 9.4866160e-01 9.5704370e-01
2.6689967e-01 8.0255160e-01 8.4739490e-01 8.7370310e-01 8.9945260e-01 9.4836020e-01 9.5672660e-01
2.6751980e-01 8.0160610e-01 8.4660130e-01 8.7304180e-01 8.9891880e-01 9.4808830e-01 9.5659080e-01
2.6813774e-01 8.0058870e-01 8.4578000e-01 8.7240230e-01 8.9837290e-01 9.4781330e-01 9.5615230e-01
2.6875349e-01 7.9963730e-01 8.4503230e-01 8.7174530e-01 8.9779060e-01 9.4750250e-01 9.5613160e-01
2.6936707e-01 7.9862640e-01 8.4423950e-01 8.7112380e-01 8.9727660e-01 9.4720000e-01 9.5577810e-01
2.6997850e-01 7.9766330e-01 8.4347490e-01 8.7044900e-01 8.9676570e-01 9.4690690e-01 9.5555730e-01
2.7058779e-01 7.9670190e-01 8.4269390e-01 8.6976580e-01 8.9624560e-01 9.4661680e-01 9.5538590e-01
2.7119495e-01 7.9571240e-01 8.4197030e-01 8.6916830e-01 8.9573410e-01 9.4636090e-01 9.5502310e-01
2.7180000e-01 7.9469680e-01 8.4105930e-01 8.6843090e-01 8.9519660e-01 9.4607630e-01 9.5489290e-01
2.7240295e-01 7.9373170e-01 8.4024490e-01 8.6779840e-01 8.9467490e-01 9.4578470e-01 9.5470860e-01
2.7300382e-01 7.9274020e-01 8.3948030e-01 8.6715070e-01 8.9414280e-01 9.4547490e-01 9.5435880e-01
2.7360262e-01 7.9177960e-01 8.3875870e-01 8.6653660e-01 8.9356300e-01 9.4521850e-01 9.5413310e-01
2.7419937e-01 7.9080930e-01 8.3796840e-01 8.6583280e-01 8.9304900e-01 9.4487130e-01 9.5388430e-01
2.7479407e-01 7.8982620e-01 8.3721070e-01 8.6515250e-01 8.9250950e-01 9.4467130e-01 9.5353800e-01
2.7538674e-01 7.8883180e-01 8.3641580e-01 8.6449370e-01 8.9202950e-01 9.4428920e-01 9.5340440e-01
2.7597740e-01 7.8785920e-01 8.3559760e-01 8.6385240e-01 8.9152390e-01 9.4400300e-01 9.5320580e-01
2.7656605e-01 7.8688980e-01 8.3485350e-01 8.6324260e-01 8.9096670e-01 9.4370070e-01 9.5289010e-01
2.7715272e-01 7.8591480e-01 8.3408080e-01 8.6255570e-01 8.9037100e-01 9.4348500e-01 9.5264670e-01
2.7773740e-01 7.8493470e-01 8.3331140e-01 8.6185860e-01 8.8989090e-01 9.4318860e-01 9.5247650e-01
2.7832012e-01 7.8394160e-01 8.3250050e-01 8.6122290e-01 8.8933920e-01 9.4289100e-01 9.5213080e-01
2.7890088e-01 7.8297600e-01 8.3173700e-01 8.6050580e-01 8.8877600e-01 9.4254370e-01 9.5188150e-01
2.7947971e-01 7.8199800e-01 8.3093550e-01 8.5993890e-01 8.8826340e-01 9.4226780e-01 9.5180410e-01
2.8005660e-01 7.8103160e-01 8.3015550e-01 8.5935090e-01 8.8778340e-01 9.4200620e-01 9.5140370e-01
2.8063158e-01 7.8004370e-01 8.2926300e-01 8.5853530e-01 8.8724330e-01 9.4170150e-01 9.5127000e-01
2.8120465e-01 7.7904760e-01 8.2852350e-01 8.5788430e-01 8.8669170e-01 9.4138040e-01 9.5100850e-01
2.8177583e-01 7.7808010e-01 8.2776960e-01 8.5723420e-01 8.8614620e-01 9.4108150e-01 9.5076530e-01
2.8234513e-01 7.7709720e-01 8.2703200e-01 8.5662740e-01 8.8560340e-01 9.4081540e-01 9.5047430e-01
2.8291255e-01 7.7611640e-01 8.2630530e-01 8.5599520e-01 8.8506410e-01 9.4047990e-01 9.5023640e-01
2.8347812e-01 7.7514790e-01 8.2550130e-01 8.5530850e-01 8.8453310e-01 9.4022360e-01 9.5007110e-01
2.8404184e-01 7.7414390e-01 8.2470230e-01 8.5457320e-01 8.8398610e-01 9.3991880e-01 9.4986280e-01
2.8460372e-01 7.7320460e-01 8.2383410e-01 8.5387120e-01 8.8341940e-01 9.3959200e-01 9.4952150e-01
2.8516377e-01 7.7221650e-01 8.2310860e-01 8.5325100e-01 8.8287160e-01 9.3929560e-01 9.4934290e-01
2.8572201e-01 7.7124640e-01 8.2231700e-01 8.5268020e-01 8.8238530e-01 9.3896240e-01 9.4892650e-01
2.8627844e-01 7.7025730e-01 8.2148220e-01 8.5200400e-01 8.8187030e-01 9.3872800e-01 9.4878380e-01
2.8683308e-01 7.6928990e-01 8.2076150e-01 8.5136200e-01 8.8136750e-01 9.3853150e-01 9.4853020e-01
2.8738593e-01 7.6832690e-01 8.1980490e-01 8.5061350e-01 8.8085530e-01 9.3815030e-01 9.4831500e-01
2.8793701e-01 7.6731580e-01 8.1904740e-01 8.4995330e-01 8.8027600e-01 9.3781170e-01 9.4805240e-01
2.8848632e-01 7.6637240e-01 8.1832090e-01 8.4929850e-01 8.7962350e-01 9.3750920e-01 9.4785600e-01
2.8903388e-01 7.6535880e-01 8.1756680e-01 8.4863820e-01 8.7909730e-01 9.3723410e-01 9.4750280e-01
2.8957970e-01 7.6441630e-01 8.1683850e-01 8.4804600e-01 8.7860550e-01 9.3688970e-01 9.4734010e-01
2.9012378e-01 7.6342850e-01 8.1596060e-01 8.4725240e-01 8.7811750e-01 9.3666080e-01 9.4704990e-01
2.9066614e-01 7.6246960e-01 8.1517970e-01 8.4666450e-01 8.7763750e-01 9.3633050e-01 9.4682650e-01
2.9120678e-01 7.6150320e-01 8.1443950e-01 8.4601820e-01 8.7708910e-01 9.3607630e-01 9.4659650e-01
2.9174572e-01 7.6049830e-01 8.1365980e-01 8.4526720e-01 8.7650250e-01 9.3577250e-01 9.4625210e-01
2.9228296e-01 7.5954160e-01 8.1293540e-01 8.4466980e-01 8.7593240e-01 9.3539970e-01 9.4616210e-01
2.9281851e-01 7.5856260e-01 8.1209580e-01 8.4402730e-01 8.7535560e-01 9.3507030e-01 9.4585370e-01
2.9335239e-01 7.5761120e-01 8.1132410e-01 8.4333730e-01 8.7486990e-01 9.3476210e-01 9.4558780e-01
2.9388460e-01 7.5663270e-01 8.1057920e-01 8.4267270e-01 8.7438950e-01 9.3459840e-01 9.4530410e-01
2.9441515e-01 7.5562240e-01 8.0975870e-01 8.4195900e-01 8.7376930e-01 9.3426900e-01 9.4504710e-01
2.9494405e-01 7.5465320e-01 8.0895080e-01 8.4129790e-01 8.7321990e-01 9.3392090e-01 9.4490930e-01
2.9547131e-01 7.5366580e-01 8.0801580e-01 8.4065460e-01 8.7271420e-01 9.3358220e-01 9.4455840e-01
2.9599694e-01 7.5269940e-01 8.0723940e-01 8.4001790e-01 8.7223420e-01 9.3328330e-01 9.4436860e-01
2.9652094e-01 7.5173920e-01 8.0649560e-01 8.3933750e-01 8.7165890e-01 9.3302450e-01 9.4402010e-01
2.9704333e-01 7.5074930e-01 8.0575310e-01 8.3865790e-01 8.7112360e-01 9.3268900e-01 9.4383450e-01
2.9756411e-01 7.4978820e-01 8.0495970e-01 8.3795400e-01 8.7048280e-01 9.3238670e-01 9.4356080e-01
2.9808329e-01 7.4882610e-01 8.0420760e-01 8.3732480e-01 8.6994720e-01 9.3212900e-01 9.4330560e-01
2.9860089e-01 7.4785800e-01 8.0338180e-01 8.3671910e-01 8.6946720e-01 9.3181140e-01 9.4304490e-01
2.9911690e-01 7.4685390e-01 8.0250580e-01 8.3597360e-01 8.6894750e-01 9.3147280e-01 9.4280090e-01
2.9963134e-01 7.4590040e-01 8.0178920e-01 8.3534190e-01 8.6841570e-01 9.3117030e-01 9.4265770e-01
3.0014421e-01 7.4491680e-01 8.0103560e-01 8.3464200e-01 8.6786930e-01 9.3087850e-01 9.4222660e-01
3.0065552e-01 7.4399220e-01 8.0021470e-01 8.3396290e-01 8.6725760e-01 9.3055080e-01 9.4210060e-01
3.0116529e-01 7.4298420e-01 7.9949680e-01 8.3334610e-01 8.6672810e-01 9.3028230e-01 9.4175620e-01
3.0167351e-01 7.4204800e-01 7.9866760e-01 8.3262640e-01 8.6622590e-01 9.2992900e-01 9.4156220e-01
3.0218020e-01 7.4106400e-01 7.9794150e-01 8.3197770e-01 8.6568930e-01 9.2959880e-01 9.4127650e-01
3.0268537e-01 7.4010750e-01 7.9720010e-01 8.3129550e-01 8.6517430e-01 9.2933810e-01 9.4101260e-01
3.0318901e-01 7.3912230e-01 7.9635400e-01 8.3064740e-01 8.6457980e-01 9.2905380e-01 9.4076660e-01
3.0369115e-01 7.3813400e-01 7.9556050e-01 8.3000700e-01 8.6405970e-01 9.2870940e-01 9.4053290e-01
3.0419178e-01 7.3719480e-01 7.9468160e-01 8.2935690e-01 8.6350240e-01 9.2841390e-01 9.4025230e-01
3.0469091e-01 7.3622250e-01 7.9388210e-01 8.2860330e-01 8.6294020e-01 9.2807530e-01 9.4003780e-01
3.0518856e-01 7.3523220e-01 7.9311020e-01 8.2800150e-01 8.6243420e-01 9.2773880e-01 9.3975710e-01
3.0568472e-01 7.3424820e-01 7.9232920e-01 8.2726460e-01 8.6189530e-01 9.2754330e-01 9.3947870e-01
3.0617941e-01 7.3332160e-01 7.9156890e-01 8.2662330e-01 8.6129050e-01 9.2716120e-01 9.3922720e-01
3.0667264e-01 7.3232420e-01 7.9083810e-01 8.2601780e-01 8.6077650e-01 9.2682260e-01 9.3898350e-01
3.0716440e-01 7.3139340e-01 7.9000130e-01 8.2524850e-01 8.6023710e-01 9.2655160e-01 9.3863220e-01
3.0765471e-01 7.3040030e-01 7.8920970e-01 8.2467780e-01 8.5975710e-01 9.2624920e-01 9.3840920e-01
3.0814357e-01 7.2945700e-01 7.8839180e-01 8.2390460e-01 8.5914780e-01 9.2592240e-01 9.3825210e-01
3.0863100e-01 7.2847430e-01 7.8763620e-01 8.2325460e-01 8.5851620e-01 9.2566330e-01 9.3795580e-01
3.0911699e-01 7.2751900e-01 7.8691060e-01 8.2261390e-01 8.5800170e-01 9.2531750e-01 9.3767780e-01
3.0960156e-01 7.2653820e-01 7.8605110e-01 8.2192040e-01 8.5749910e-01 9.2498820e-01 9.3747800e-01
3.1008470e-01 7.2560290e-01 7.8522570e-01 8.2122560e-01 8.5697270e-01 9.2464000e-01 9.3708280e-01
3.1056644e-01 7.2461110e-01 7.8437720e-01 8.2057110e-01 8.5643420e-01 9.2435570e-01 9.3698710e-01
3.1104677e-01 7.2366990e-01 7.8361780e-01 8.1992670e-01 8.5594020e-01 9.2401220e-01 9.3654860e-01
3.1152570e-01 7.2268430e-01 7.8281260e-01 8.1924620e-01 8.5523140e-01 9.2371570e-01 9.3647120e-01
3.1200324e-01 7.2175490e-01 7.8209690e-01 8.1863580e-01 8.5471900e-01 9.2341800e-01 9.3611010e-01
3.1247939e-01 7.2075310e-01 7.8126730e-01 8.1787670e-01 8.5423890e-01 9.2308030e-01 9.3588420e-01
3.1295416e-01 7.1979810e-01 7.8045790e-01 8.1722110e-01 8.5365950e-01 9.2278650e-01 9.3559580e-01
3.1342755e-01 7.1885610e-01 7.7970420e-01 8.1655370e-01 8.5315730e-01 9.2250170e-01 9.3540980e-01
3.1389958e-01 7.1784600e-01 7.7895770e-01 8.1588510e-01 8.5257800e-01 9.2212060e-01 9.3500080e-01
3.1437025e-01 7.1691060e-01 7.7822390e-01 8.1525370e-01 8.5199380e-01 9.2178200e-01 9.3485070e-01
3.1483956e-01 7.1594960e-01 7.7733640e-01 8.1452920e-01 8.5144740e-01 9.2150020e-01 9.3460450e-01
3.1530753e-01 7.1498200e-01 7.7651080e-01 8.1385770e-01 8.5088860e-01 9.2121560e-01 9.3425560e-01
3.1577414e-01 7.1402710e-01 7.7575940e-01 8.1316660e-01 8.5037870e-01 9.2088780e-01 9.3413620e-01
3.1623943e-01 7.1304800e-01 7.7497780e-01 8.1254050e-01 8.4983030e-01 9.2058400e-01 9.3371500e-01
3.1670338e-01 7.1212210e-01 7.7419030e-01 8.1183800e-01 8.4926490e-01 9.2020190e-01 9.3357710e-01
3.1716600e-01 7.1113440e-01 7.7337630e-01 8.1112700e-01 8.4873080e-01 9.1991030e-01 9.3324700e-01
3.1762731e-01 7.1017150e-01 7.7257440e-01 8.1050470e-01 8.4818560e-01 9.1959930e-01 9.3298210e-01
3.1808730e-01 7.0922980e-01 7.7182700e-01 8.0980170e-01 8.4761250e-01 9.1931510e-01 9.3279550e-01
3.1854598e-01 7.0825570e-01 7.7108270e-01 8.0916590e-01 8.4710030e-01 9.1897870e-01 9.3250760e-01
3.1900336e-01 7.0730210e-01 7.7026490e-01 8.0851430e-01 8.4651790e-01 9.1872310e-01 9.3223640e-01
3.1945944e-01 7.0636650e-01 7.6942300e-01 8.0779920e-01 8.4600710e-01 9.1834100e-01 9.3192060e-01
3.1991423e-01 7.0537790e-01 7.6856210e-01 8.0713770e-01 8.4546570e-01 9.1800240e-01 9.3171650e-01
3.2036774e-01 7.0440920e-01 7.6782560e-01 8.0645610e-01 8.4492340e-01 9.1762120e-01 9.3132550e-01
3.2081996e-01 7.0347800e-01 7.6708170e-01 8.0577990e-01 8.4432220e-01 9.1732740e-01 9.3116690e-01
3.2127091e-01 7.0251130e-01 7.6627460e-01 8.0510830e-01 8.4369690e-01 9.1699710e-01 9.3090430e-01
3.2172059e-01 7.0153610e-01 7.6548340e-01 8.0445630e-01 8.4318500e-01 9.1670510e-01 9.3063270e-01
3.2216900e-01 7.0059940e-01 7.6468100e-01 8.0370850e-01 8.4264230e-01 9.1635690e-01 9.3035470e-01
3.2261616e-01 6.9962440e-01 7.6393710e-01 8.0306010e-01 8.4216180e-01 9.1601110e-01 9.3011280e-01
3.2306206e-01 6.9868970e-01 7.6308610e-01 8.0236380e-01 8.4166630e-01 9.1574830e-01 9.2975970e-01
3.2350671e-01 6.9777010e-01 7.6233150e-01 8.0173260e-01 8.4105410e-01 9.1549200e-01 9.2955370e-01
3.2395012e-01 6.9676510e-01 7.6158250e-01 8.0109230e-01 8.4037960e-01 9.1515340e-01 9.2932700e-01
3.2439228e-01 6.9582740e-01 7.6075150e-01 8.0034480e-01 8.3985120e-01 9.1477230e-01 9.2901610e-01
3.2483322e-01 6.9487900e-01 7.5990960e-01 7.9968770e-01 8.3930750e-01 9.1445120e-01 9.2878640e-01
3.2527293e-01 6.9392700e-01 7.5911730e-01 7.9900760e-01 8.3881150e-01 9.1414870e-01 9.2852100e-01
3.2571141e-01 6.9293710e-01 7.5835590e-01 7.9832300e-01 8.3822920e-01 9.1381100e-01 9.2827270e-01
3.2614867e-01 6.9199040e-01 7.5762500e-01 7.9767690e-01 8.3774880e-01 9.1348330e-01 9.2804130e-01
3.2658473e-01 6.9105480e-01 7.5678110e-01 7.9700450e-01 8.3720400e-01 9.1313510e-01 9.2769840e-01
3.2701957e-01 6.9011700e-01 7.5597910e-01 7.9635400e-01 8.3654730e-01 9.1280570e-01 9.2737920e-01
3.2745321e-01 6.8916070e-01 7.5515940e-01 7.9563470e-01 8.3601180e-01 9.1250340e-01 9.2714130e-01
3.2788564e-01 6.8819320e-01 7.5441890e-01 7.9494040e-01 8.3538210e-01 9.1215900e-01 9.2688630e-01
3.2831689e-01 6.8726990e-01 7.5366470e-01 7.9425790e-01 8.3489590e-01 9.1181170e-01 9.2662550e-01
3.2874694e-01 6.8628230e-01 7.5288300e-01 7.9362530e-01 8.3438430e-01 9.1153570e-01 9.2634570e-01
3.2917581e-01 6.8533500e-01 7.5200440e-01 7.9292460e-01 8.3389910e-01 9.1119930e-01 9.2610460e-01
3.2960350e-01 6.8443790e-01 7.5122080e-01 7.9228900e-01 8.3332500e-01 9.1093420e-01 9.2575060e-01
3.3003001e-01 6.8342550e-01 7.5037220e-01 7.9150620e-01 8.3266180e-01 9.1055210e-01 9.2554550e-01
3.3045535e-01 6.8250800e-01 7.4964380e-01 7.9086870e-01 8.3207380e-01 9.1017000e-01 9.2513910e-01
3.3087952e-01 6.8154160e-01 7.4890330e-01 7.9027360e-01 8.3156230e-01 9.0984070e-01 9.2500490e-01
3.3130253e-01 6.8059310e-01 7.4804660e-01 7.8950850e-01 8.3107710e-01 9.0949250e-01 9.2475190e-01
3.3172439e-01 6.7963830e-01 7.4731950e-01 7.8886710e-01 8.3059090e-01 9.0920820e-01 9.2440990e-01
3.3214509e-01 6.7871400e-01 7.4650610e-01 7.8816620e-01 8.2990110e-01 9.0882380e-01 9.2424720e-01
3.3256464e-01 6.7776520e-01 7.4574980e-01 7.8751570e-01 8.2936190e-01 9.0852830e-01 9.2381910e-01
3.3298304e-01 6.7680520e-01 7.4499260e-01 7.8685390e-01 8.2881700e-01 9.0819190e-01 9.2367850e-01
3.3340031e-01 6.7586220e-01 7.4409700e-01 7.8611070e-01 8.2823200e-01 9.0792720e-01 9.2333040e-01
3.3381643e-01 6.7492140e-01 7.4328370e-01 7.8547650e-01 8.2771690e-01 9.0754610e-01 9.2310420e-01
3.3423143e-01 6.7397740e-01 7.4254240e-01 7.8483880e-01 8.2710890e-01 9.0725220e-01 9.2278980e-01
3.3464530e-01 6.7305410e-01 7.4173740e-01 7.8414640e-01 8.2651560e-01 9.0692190e-01 9.2253810e-01
3.3505804e-01 6.7209000e-01 7.4092810e-01 7.8339840e-01 8.2602710e-01 9.0654070e-01 9.2218440e-01
3.3546967e-01 6.7111550e-01 7.4013450e-01 7.8268310e-01 8.2553530e-01 9.0620210e-01 9.2199750e-01
3.3588018e-01 6.7019980e-01 7.3940300e-01 7.8209030e-01 8.2493080e-01 9.0585390e-01 9.2158940e-01
3.3628958e-01 6.6924060e-01 7.3865250e-01 7.8146900e-01 8.2433620e-01 9.0547280e-01 9.2148410e-01
3.3669787e-01 6.6831710e-01 7.3782450e-01 7.8071980e-01 8.2375320e-01 9.0514250e-01 9.2112050e-01
3.3710506e-01 6.6736030e-01 7.3698660e-01 7.8000540e-01 8.2320730e-01 9.0484000e-01 9.2092500e-01
3.3751115e-01 6.6643370e-01 7.3618600e-01 7.7929360e-01 8.2270000e-01 9.0455660e-01 9.2050900e-01
3.3791614e-01 6.6546470e-01 7.3545110e-01 7.7869050e-01 8.2210630e-01 9.0417450e-01 9.2032990e-01
3.3832004e-01 6.6451790e-01 7.3461950e-01 7.7804570e-01 8.2156080e-01 9.0379250e-01 9.1999560e-01
3.3872286e-01 6.6360090e-01 7.3381710e-01 7.7724380e-01 8.2097600e-01 9.0349610e-01 9.1983470e-01
3.3912459e-01 6.6266960e-01 7.3308410e-01 7.7665480e-01 8.2044980e-01 9.0311490e-01 9.1940050e-01
3.3952524e-01 6.6169140e-01 7.3222720e-01 7.7591190e-01 8.1990390e-01 9.0285260e-01 9.1919110e-01
3.3992481e-01 6.6075420e-01 7.3142510e-01 7.7530140e-01 8.1928420e-01 9.0247050e-01 9.1894130e-01
3.4032332e-01 6.5984620e-01 7.3065130e-01 7.7460320e-01 8.1877270e-01 9.0217760e-01 9.1859600e-01
3.4072075e-01 6.5889380e-01 7.2987660e-01 7.7385490e-01 8.1820680e-01 9.0184730e-01 9.1844770e-01
3.4111712e-01 6.5796040e-01 7.2913530e-01 7.7326630e-01 8.1764120e-01 9.0150150e-01 9.1799490e-01
3.4151243e-01 6.5701320e-01 7.2831950e-01 7.7258920e-01 8.1710920e-01 9.0116380e-01 9.1783620e-01
3.4190668e-01 6.5604940e-01 7.2747930e-01 7.7178520e-01 8.1640470e-01 9.0086130e-01 9.1763560e-01
3.4229988e-01 6.5513350e-01 7.2670200e-01 7.7113640e-01 8.1592240e-01 9.0047920e-01 9.1718830e-01
3.4269203e-01 6.5418560e-01 7.2593930e-01 7.7048300e-01 8.1539700e-01 9.0009710e-01 9.1704050e-01
3.4308313e-01 6.5324680e-01 7.2513050e-01 7.6984610e-01 8.1487920e-01 8.9976780e-01 9.1664770e-01
3.4347319e-01 6.5232840e-01 7.2430020e-01 7.6908550e-01 8.1420560e-01 8.9951740e-01 9.1642900e-01
3.4386221e-01 6.5140710e-01 7.2356960e-01 7.6844760e-01 8.1368890e-01 8.9913530e-01 9.1617970e-01
3.4425020e-01 6.5042330e-01 7.2270790e-01 7.6771450e-01 8.1312500e-01 8.9875410e-01 9.1583400e-01
3.4463715e-01 6.4949330e-01 7.2195230e-01 7.6709560e-01 8.1259870e-01 8.9837210e-01 9.1560410e-01
3.4502307e-01 6.4857740e-01 7.2120850e-01 7.6643760e-01 8.1209250e-01 8.9807340e-01 9.1526120e-01
3.4540797e-01 6.4763280e-01 7.2039800e-01 7.6568240e-01 8.1143700e-01 8.9769220e-01 9.1494210e-01
3.4579185e-01 6.4668980e-01 7.1961990e-01 7.6502200e-01 8.1084190e-01 8.9735360e-01 9.1477250e-01
3.4617470e-01 6.4577210e-01 7.1877640e-01 7.6435660e-01 8.1035560e-01 8.9697150e-01 9.1442220e-01
3.4655655e-01 6.4481120e-01 7.1796280e-01 7.6368020e-01 8.0977660e-01 8.9662330e-01 9.1416100e-01
3.4693738e-01 6.4389700e-01 7.1718960e-01 7.6292610e-01 8.0911290e-01 8.9628720e-01 9.1385350e-01
3.4731720e-01 6.4293080e-01 7.1640190e-01 7.6229390e-01 8.0859850e-01 8.9600260e-01 9.1360190e-01
3.4769602e-01 6.4199360e-01 7.1561870e-01 7.6161780e-01 8.0807170e-01 8.9566400e-01 9.1330380e-01
3.4807383e-01 6.4107480e-01 7.1486990e-01 7.6094730e-01 8.0750670e-01 8.9531670e-01 9.1308200e-01
3.4845065e-01 6.4015150e-01 7.1406840e-01 7.6022790e-01 8.0697860e-01 8.9493460e-01 9.1269230e-01
3.4882647e-01 6.3922580e-01 7.1319360e-01 7.5950860e-01 8.0627920e-01 8.9455260e-01 9.1242000e-01
3.4920130e-01 6.3828330e-01 7.1238310e-01 7.5886450e-01 8.0579880e-01 8.9420810e-01 9.1217890e-01
3.4957514e-01 6.3735090e-01 7.1163210e-01 7.5816890e-01 8.0524830e-01 8.9391260e-01 9.1181750e-01
3.4994800e-01 6.3642510e-01 7.1087010e-01 7.5751130e-01 8.0476830e-01 8.9357400e-01 9.1167430e-01
3.5031987e-01 6.3548700e-01 7.1007860e-01 7.5675110e-01 8.0402410e-01 8.9319190e-01 9.1122670e-01
3.5069076e-01 6.3458500e-01 7.0923640e-01 7.5608330e-01 8.0345210e-01 8.9286510e-01 9.1107920e-01
3.5106068e-01 6.3363470e-01 7.0846200e-01 7.5543380e-01 8.0296360e-01 8.9248300e-01 9.1068610e-01
3.5142962e-01 6.3269430e-01 7.0770080e-01 7.5473290e-01 8.0246040e-01 8.9213250e-01 9.1046030e-01
3.5179760e-01 6.3176110e-01 7.0685720e-01 7.5402770e-01 8.0185910e-01 8.9180230e-01 9.1015190e-01
3.5216460e-01 6.3084130e-01 7.0610370e-01 7.5341020e-01 8.0131070e-01 8.9146460e-01 9.0981890e-01
3.5253064e-01 6.2991230e-01 7.0530890e-01 7.5266670e-01 8.0066010e-01 8.9108250e-01 9.0955690e-01
3.5289572e-01 6.2896660e-01 7.0447160e-01 7.5198980e-01 8.0011460e-01 8.9073430e-01 9.0927830e-01
3.5325984e-01 6.2804140e-01 7.0369300e-01 7.5126780e-01 7.9954910e-01 8.9035220e-01 9.0899460e-01
3.5362301e-01 6.2711840e-01 7.0293650e-01 7.5062800e-01 7.9893950e-01 8.8997110e-01 9.0868330e-01
3.5398523e-01 6.2620410e-01 7.0216300e-01 7.4992750e-01 7.9843060e-01 8.8958900e-01 9.0839960e-01
3.5434649e-01 6.2526960e-01 7.0139560e-01 7.4924410e-01 7.9787040e-01 8.8933610e-01 9.0813270e-01
3.5470681e-01 6.2432940e-01 7.0049640e-01 7.4851070e-01 7.9728610e-01 8.8900830e-01 9.0778980e-01
3.5506619e-01 6.2341350e-01 6.9970470e-01 7.4785680e-01 7.9664240e-01 8.8867280e-01 9.0760380e-01
3.5542462e-01 6.2247440e-01 6.9893530e-01 7.4714640e-01 7.9612300e-01 8.8825360e-01 9.0719480e-01
3.5578212e-01 6.2154790e-01 6.9817210e-01 7.4651490e-01 7.9563130e-01 8.8787150e-01 9.0699180e-01
3.5613868e-01 6.2064590e-01 6.9739470e-01 7.4583470e-01 7.9509620e-01 8.8752200e-01 9.0660400e-01
3.5649431e-01 6.1970360e-01 6.9658150e-01 7.4507720e-01 7.9439760e-01 8.8719170e-01 9.0645120e-01
3.5684901e-01 6.1879580e-01 6.9582320e-01 7.4438870e-01 7.9380350e-01 8.8685310e-01 9.0605440e-01
3.5720278e-01 6.1785220e-01 6.9491590e-01 7.4368990e-01 7.9326670e-01 8.8647100e-01 9.0577270e-01
3.5755563e-01 6.1691840e-01 6.9417560e-01 7.4307020e-01 7.9272550e-01 8.8605110e-01 9.0552180e-01
3.5790756e-01 6.1598830e-01 6.9340940e-01 7.4239510e-01 7.9217910e-01 8.8570300e-01 9.0519840e-01
3.5825857e-01 6.1509690e-01 6.9258540e-01 7.4162350e-01 7.9150800e-01 8.8532090e-01 9.0491030e-01
3.5860866e-01 6.1413900e-01 6.9178740e-01 7.4089610e-01 7.9094840e-01 8.8493880e-01 9.0451510e-01
3.5895784e-01 6.1321960e-01 6.9099510e-01 7.4026610e-01 7.9046840e-01 8.8465290e-01 9.0437190e-01
3.5930611e-01 6.1232620e-01 6.9022740e-01 7.3961020e-01 7.8981250e-01 8.8430470e-01 9.0397450e-01
3.5965347e-01 6.1139450e-01 6.8944990e-01 7.3889600e-01 7.8925270e-01 8.8397700e-01 9.0370990e-01
3.5999993e-01 6.1044710e-01 6.8859560e-01 7.3817320e-01 7.8870890e-01 8.8359260e-01 9.0336300e-01
3.6034548e-01 6.0953910e-01 6.8782060e-01 7.3748820e-01 7.8812600e-01 8.8321140e-01 9.0306200e-01
3.6069014e-01 6.0862410e-01 6.8704510e-01 7.3684810e-01 7.8758360e-01 8.8282010e-01 9.0270740e-01
3.6103390e-01 6.0769620e-01 6.8622080e-01 7.3609120e-01 7.8693650e-01 8.8247190e-01 9.0255030e-01
3.6137676e-01 6.0678180e-01 6.8548260e-01 7.3550760e-01 7.8640370e-01 8.8206200e-01 9.0217320e-01
3.6171873e-01 6.0584700e-01 6.8464270e-01 7.3475870e-01 7.8589980e-01 8.8177600e-01 9.0195520e-01
3.6205981e-01 6.0492860e-01 6.8381400e-01 7.3399850e-01 7.8523940e-01 8.8139400e-01 9.0147780e-01
3.6240000e-01 6.0401560e-01 6.8308270e-01 7.3334410e-01 7.8457550e-01 8.8101190e-01 9.0138090e-01
3.6273931e-01 6.0309040e-01 6.8231970e-01 7.3270420e-01 7.8408320e-01 8.8066370e-01 9.0098260e-01
3.6307773e-01 6.0215470e-01 6.8147500e-01 7.3202590e-01 7.8358040e-01 8.8028260e-01 9.0076940e-01
3.6341528e-01 6.0123680e-01 6.8061990e-01 7.3120390e-01 7.8301500e-01 8.7989820e-01 9.0040830e-01
3.6375195e-01 6.0032470e-01 6.7986050e-01 7.3053720e-01 7.8228380e-01 8.7947850e-01 9.0005450e-01
3.6408774e-01 5.9941500e-01 6.7910580e-01 7.2988260e-01 7.8174670e-01 8.7913990e-01 8.9979680e-01
3.6442266e-01 5.9850890e-01 6.7832160e-01 7.2925950e-01 7.8124980e-01 8.7884440e-01 8.9943260e-01
3.6475671e-01 5.9757150e-01 6.7741860e-01 7.2842190e-01 7.8069590e-01 8.7845300e-01 8.9914890e-01
3.6508990e-01 5.9665990e-01 6.7666470e-01 7.2776610e-01 7.8003600e-01 8.7803230e-01 8.9896460e-01
3.6542222e-01 5.9575820e-01 6.7588660e-01 7.2708130e-01 7.7940700e-01 8.7762240e-01 8.9855380e-01
3.6575367e-01 5.9483910e-01 6.7508470e-01 7.2643640e-01 7.7886140e-01 8.7724030e-01 8.9838900e-01
3.6608426e-01 5.9393070e-01 6.7431810e-01 7.2569180e-01 7.7832270e-01 8.7691120e-01 8.9789180e-01
3.6641400e-01 5.9297510e-01 6.7349050e-01 7.2497180e-01 7.7774030e-01 8.7656300e-01 8.9766040e-01
3.6674288e-01 5.9206680e-01 6.7269440e-01 7.2435640e-01 7.7720780e-01 8.7618090e-01 8.9740080e-01
3.6707091e-01 5.9114590e-01 6.7191730e-01 7.2365170e-01 7.7664000e-01 8.7580600e-01 8.9706530e-01
3.6739808e-01 5.9024650e-01 6.7110360e-01 7.2290970e-01 7.7594270e-01 8.7547660e-01 8.9675290e-01
3.6772441e-01 5.8933230e-01 6.7033570e-01 7.2222540e-01 7.7536710e-01 8.7509450e-01 8.9640750e-01
3.6804989e-01 5.8841650e-01 6.6953210e-01 7.2156150e-01 7.7488480e-01 8.7473710e-01 8.9607660e-01
3.6837452e-01 5.8748970e-01 6.6870920e-01 7.2086520e-01 7.7430200e-01 8.7435500e-01 8.9586690e-01
3.6869831e-01 5.8656230e-01 6.6788360e-01 7.2009560e-01 7.7368920e-01 8.7397150e-01 8.9546500e-01
3.6902126e-01 5.8567160e-01 6.6711880e-01 7.1938110e-01 7.7300370e-01 8.7356160e-01 8.9526440e-01
3.6934338e-01 5.8477390e-01 6.6635010e-01 7.1877620e-01 7.7251190e-01 8.7317950e-01 8.9488460e-01
3.6966465e-01 5.8385330e-01 6.6555420e-01 7.1804790e-01 7.7199810e-01 8.7275880e-01 8.9465290e-01
3.6998510e-01 5.8295360e-01 6.6473360e-01 7.1734260e-01 7.7137760e-01 8.7245410e-01 8.9432710e-01
3.7030471e-01 5.8202290e-01 6.6391610e-01 7.1663550e-01 7.7075210e-01 8.7207290e-01 8.9405790e-01
3.7062349e-01 5.8110130e-01 6.6315260e-01 7.1596690e-01 7.7019720e-01 8.7169080e-01 8.9363480e-01
3.7094145e-01 5.8018360e-01 6.6232610e-01 7.1522550e-01 7.6962490e-01 8.7131360e-01 8.9333520e-01
3.7125858e-01 5.7928920e-01 6.6151960e-01 7.1454960e-01 7.6905130e-01 8.7092930e-01 8.9308520e-01
3.7157489e-01 5.7838860e-01 6.6077200e-01 7.1389600e-01 7.6845410e-01 8.7054810e-01 8.9272530e-01
3.7189038e-01 5.7750600e-01 6.5995190e-01 7.1313560e-01 7.6786510e-01 8.7012640e-01 8.9249020e-01
3.7220505e-01 5.7655800e-01 6.5915420e-01 7.1244350e-01 7.6728550e-01 8.6974430e-01 8.9213020e-01
3.7251890e-01 5.7563350e-01 6.5830000e-01 7.1170460e-01 7.6665120e-01 8.6932600e-01 8.9177950e-01
3.7283193e-01 5.7472140e-01 6.5754430e-01 7.1104470e-01 7.6609850e-01 8.6894390e-01 8.9153520e-01
3.7314416e-01 5.7379260e-01 6.5679440e-01 7.1037640e-01 7.6556320e-01 8.6856520e-01 8.9110320e-01
3.7345557e-01 5.7289970e-01 6.5595290e-01 7.0969660e-01 7.6496860e-01 8.6817390e-01 8.9087080e-01
3.7376618e-01 5.7201600e-01 6.5508000e-01 7.0889060e-01 7.6435270e-01 8.6782570e-01 8.9054610e-01
3.7407598e-01 5.7109980e-01 6.5432180e-01 7.0821970e-01 7.6381330e-01 8.6744360e-01 8.9011500e-01
3.7438497e-01 5.7018360e-01 6.5357340e-01 7.0754340e-01 7.6315370e-01 8.6703370e-01 8.8989810e-01
3.7469317e-01 5.6926460e-01 6.5280380e-01 7.0692760e-01 7.6258430e-01 8.6670430e-01 8.8956440e-01
3.7500056e-01 5.6834110e-01 6.5191850e-01 7.0612090e-01 7.6198350e-01 8.6632220e-01 8.8923610e-01
3.7530715e-01 5.6744550e-01 6.5111810e-01 7.0538220e-01 7.6144170e-01 8.6590020e-01 8.8887110e-01
3.7561295e-01 5.6655270e-01 6.5036640e-01 7.0476510e-01 7.6085300e-01 8.6551810e-01 8.8864530e-01
3.7591795e-01 5.6565770e-01 6.4958650e-01 7.0408700e-01 7.6025760e-01 8.6512200e-01 8.8833040e-01
3.7622216e-01 5.6472460e-01 6.4873580e-01 7.0331800e-01 7.5964870e-01 8.6470450e-01 8.8809570e-01
3.7652558e-01 5.6384910e-01 6.4794840e-01 7.0259170e-01 7.5903700e-01 8.6429460e-01 8.8765190e-01
3.7682821e-01 5.6293480e-01 6.4715700e-01 7.0195030e-01 7.5848550e-01 8.6391250e-01 8.8736700e-01
3.7713005e-01 5.6203730e-01 6.4634960e-01 7.0122110e-01 7.5787060e-01 8.6357160e-01 8.8707760e-01
3.7743111e-01 5.6109990e-01 6.4554130e-01 7.0048910e-01 7.5728750e-01 8.6318960e-01 8.8660720e-01
3.7773138e-01 5.6020980e-01 6.4477270e-01 6.9981940e-01 7.5669310e-01 8.6275350e-01 8.8642970e-01
3.7803087e-01 5.5929550e-01 6.4394850e-01 6.9910820e-01 7.5613190e-01 8.6240530e-01 8.8606660e-01
3.7832959e-01 5.5839650e-01 6.4314130e-01 6.9840860e-01 7.5549730e-01 8.6202320e-01 8.8581820e-01
3.7862752e-01 5.5751470e-01 6.4234050e-01 6.9765860e-01 7.5499970e-01 8.6153700e-01 8.8540220e-01
3.7892468e-01 5.5658400e-01 6.4155910e-01 6.9702030e-01 7.5436310e-01 8.6115260e-01 8.8520160e-01
3.7922107e-01 5.5571630e-01 6.4081270e-01 6.9633350e-01 7.5375560e-01 8.6073420e-01 8.8474870e-01
3.7951668e-01 5.5480890e-01 6.3993570e-01 6.9554400e-01 7.5318340e-01 8.6035310e-01 8.8442950e-01
3.7981153e-01 5.5392720e-01 6.3912180e-01 6.9483090e-01 7.5259300e-01 8.6001350e-01 8.8408660e-01
3.8010560e-01 5.5299990e-01 6.3835560e-01 6.9417740e-01 7.5195890e-01 8.5966530e-01 8.8383450e-01
3.8039891e-01 5.5212100e-01 6.3759990e-01 6.9350340e-01 7.5135380e-01 8.5925310e-01 8.8342230e-01
3.8069145e-01 5.5118470e-01 6.3674140e-01 6.9276900e-01 7.5081020e-01 8.5883230e-01 8.8326020e-01
3.8098323e-01 5.5031480e-01 6.3591440e-01 6.9201560e-01 7.5023740e-01 8.5845120e-01 8.8274590e-01
3.8127425e-01 5.4937930e-01 6.3513140e-01 6.9131140e-01 7.4960480e-01 8.5803150e-01 8.8252880e-01
3.8156451e-01 5.4849870e-01 6.3437780e-01 6.9066330e-01 7.4904170e-01 8.5759450e-01 8.8205360e-01
3.8185401e-01 5.4760190e-01 6.3358070e-01 6.8997820e-01 7.4837850e-01 8.5721720e-01 8.8193380e-01
3.8214276e-01 5.4667920e-01 6.3271720e-01 6.8921050e-01 7.4783190e-01 8.5680730e-01 8.8145930e-01
3.8243075e-01 5.4580970e-01 6.3194000e-01 6.8847270e-01 7.4717030e-01 8.5642520e-01 8.8124090e-01
3.8271798e-01 5.4489660e-01 6.3113210e-01 6.8780260e-01 7.4664160e-01 8.5598500e-01 8.8086420e-01
3.8300447e-01 5.4399830e-01 6.3036380e-01 6.8714640e-01 7.4609310e-01 8.5560290e-01 8.8044680e-01
3.8329020e-01 5.4308440e-01 6.2950690e-01 6.8635530e-01 7.4544970e-01 8.5520920e-01 8.8025270e-01
3.8357519e-01 5.4220900e-01 6.2873230e-01 6.8565760e-01 7.4481930e-01 8.5478950e-01 8.7975450e-01
3.8385943e-01 5.4131950e-01 6.2791560e-01 6.8497600e-01 7.4420990e-01 8.5437960e-01 8.7952350e-01
3.8414293e-01 5.4040680e-01 6.2716850e-01 6.8430350e-01 7.4368890e-01 8.5396120e-01 8.7923470e-01
3.8442569e-01 5.3952300e-01 6.2634410e-01 6.8351730e-01 7.4301290e-01 8.5353440e-01 8.7884500e-01
3.8470770e-01 5.3862940e-01 6.2554020e-01 6.8287160e-01 7.4245890e-01 8.5310210e-01 8.7858670e-01
3.8498897e-01 5.3772760e-01 6.2471350e-01 6.8213700e-01 7.4186170e-01 8.5272000e-01 8.7819710e-01
3.8526951e-01 5.3683140e-01 6.2392590e-01 6.8138870e-01 7.4125380e-01 8.5234400e-01 8.7787230e-01
3.8554931e-01 5.3591630e-01 6.2313440e-01 6.8070570e-01 7.4070220e-01 8.5192430e-01 8.7750480e-01
3.8582837e-01 5.3501450e-01 6.2229110e-01 6.7999780e-01 7.4007020e-01 8.5154220e-01 8.7722440e-01
3.8610670e-01 5.3414130e-01 6.2151610e-01 6.7932850e-01 7.3946090e-01 8.5111230e-01 8.7678430e-01
3.8638430e-01 5.3325400e-01 6.2070620e-01 6.7853270e-01 7.3887870e-01 8.5069240e-01 8.7661290e-01
3.8666117e-01 5.3232120e-01 6.1990310e-01 6.7786910e-01 7.3832740e-01 8.5028250e-01 8.7610950e-01
3.8693732e-01 5.3145610e-01 6.1909850e-01 6.7714030e-01 7.3763610e-01 8.4985480e-01 8.7587010e-01
3.8721273e-01 5.3055930e-01 6.1830900e-01 6.7643050e-01 7.3701930e-01 8.4947040e-01 8.7549800e-01
3.8748742e-01 5.2966080e-01 6.1746500e-01 6.7566700e-01 7.3647390e-01 8.4898710e-01 8.7522650e-01
3.8776138e-01 5.2880520e-01 6.1668550e-01 6.7502320e-01 7.3595950e-01 8.4853000e-01 8.7483590e-01
3.8803463e-01 5.2789110e-01 6.1587920e-01 6.7426000e-01 7.3522250e-01 8.4815400e-01 8.7455010e-01
3.8830715e-01 5.2698170e-01 6.1509830e-01 6.7361690e-01 7.3464770e-01 8.4777280e-01 8.7409080e-01
3.8857895e-01 5.2611840e-01 6.1426900e-01 6.7289260e-01 7.3407160e-01 8.4738840e-01 8.7379240e-01
3.8885004e-01 5.2521590e-01 6.1344540e-01 6.7209040e-01 7.3352020e-01 8.4699710e-01 8.7354120e-01
3.8912041e-01 5.2430370e-01 6.1266300e-01 6.7142220e-01 7.3284930e-01 8.4649310e-01 8.7319890e-01
3.8939006e-01 5.2343000e-01 6.1189350e-01 6.7077560e-01 7.3226740e-01 8.4604680e-01 8.7274920e-01
3.8965900e-01 5.2251980e-01 6.1106030e-01 6.7002150e-01 7.3168940e-01 8.4566250e-01 8.7250660e-01
3.8992723e-01 5.2164990e-01 6.1023280e-01 6.6921480e-01 7.3103630e-01 8.4528040e-01 8.7215420e-01
3.9019475e-01 5.2077830e-01 6.0945030e-01 6.6859710e-01 7.3041760e-01 8.4488990e-01 8.7171040e-01
3.9046156e-01 5.1985100e-01 6.0866500e-01 6.6793410e-01 7.2986330e-01 8.4448000e-01 8.7146350e-01
3.9072767e-01 5.1897060e-01 6.0784140e-01 6.6710320e-01 7.2922090e-01 8.4391930e-01 8.7109890e-01
3.9099306e-01 5.1810730e-01 6.0703730e-01 6.6640790e-01 7.2861220e-01 8.4350100e-01 8.7066780e-01
3.9125775e-01 5.1719030e-01 6.0623820e-01 6.6576030e-01 7.2802220e-01 8.4310960e-01 8.7045100e-01
3.9152174e-01 5.1632730e-01 6.0543860e-01 6.6494800e-01 7.2739250e-01 8.4276140e-01 8.6997490e-01
3.9178503e-01 5.1542910e-01 6.0458680e-01 6.6420470e-01 7.2677410e-01 8.4231050e-01 8.6973230e-01
3.9204762e-01 5.1453750e-01 6.0382450e-01 6.6359290e-01 7.2621210e-01 8.4192850e-01 8.6932700e-01
3.9230951e-01 5.1365930e-01 6.0302210e-01 6.6288210e-01 7.2561310e-01 8.4150040e-01 8.6889600e-01
3.9257070e-01 5.1276110e-01 6.0217590e-01 6.6209240e-01 7.2501930e-01 8.4103640e-01 8.6870290e-01
3.9283119e-01 5.1189330e-01 6.0138420e-01 6.6136060e-01 7.2436940e-01 8.4062410e-01 8.6823160e-01
3.9309099e-01 5.1099860e-01 6.0059960e-01 6.6069270e-01 7.2380490e-01 8.4020340e-01 8.6797370e-01
3.9335010e-01 5.1011870e-01 5.9983060e-01 6.6006440e-01 7.2312470e-01 8.3975770e-01 8.6756950e-01
3.9360852e-01 5.0922180e-01 5.9894960e-01 6.5922580e-01 7.2261260e-01 8.3933800e-01 8.6730220e-01
3.9386624e-01 5.0832620e-01 5.9815430e-01 6.5846120e-01 7.2194730e-01 8.3888950e-01 8.6686920e-01
3.9412328e-01 5.0748750e-01 5.9738560e-01 6.5783170e-01 7.2130550e-01 8.3842310e-01 8.6656090e-01
3.9437963e-01 5.0657610e-01 5.9659910e-01 6.5718470e-01 7.2071940e-01 8.3803170e-01 8.6619280e-01
3.9463529e-01 5.0570890e-01 5.9569770e-01 6.5625170e-01 7.2012560e-01 8.3764820e-01 8.6589660e-01
3.9489026e-01 5.0482820e-01 5.9494260e-01 6.5560370e-01 7.1950380e-01 8.3720070e-01 8.6542610e-01
3.9514455e-01 5.0394640e-01 5.9416370e-01 6.5500250e-01 7.1884930e-01 8.3678230e-01 8.6522020e-01
3.9539816e-01 5.0304980e-01 5.9334200e-01 6.5426300e-01 7.1828530e-01 8.3625230e-01 8.6475190e-01
3.9565109e-01 5.0215000e-01 5.9249190e-01 6.5336880e-01 7.1764530e-01 8.3586790e-01 8.6440800e-01
3.9590334e-01 5.0129540e-01 5.9171980e-01 6.5277190e-01 7.1706420e-01 8.3536860e-01 8.6406720e-01
3.9615491e-01 5.0040370e-01 5.9095240e-01 6.5216020e-01 7.1644950e-01 8.3495020e-01 8.6375210e-01
3.9640580e-01 4.9952290e-01 5.9010140e-01 6.5126040e-01 7.1577060e-01 8.3452020e-01 8.6341930e-01
3.9665602e-01 4.9863610e-01 5.8929490e-01 6.5058460e-01 7.1520750e-01 8.3406230e-01 8.6302070e-01
3.9690556e-01 4.9777350e-01 5.8849880e-01 6.4994570e-01 7.1460790e-01 8.3371410e-01 8.6272700e-01
3.9715443e-01 4.9686230e-01 5.8767560e-01 6.4911430e-01 7.1398050e-01 8.3329530e-01 8.6224870e-01
3.9740263e-01 4.9599930e-01 5.8685170e-01 6.4836210e-01 7.1337870e-01 8.3277240e-01 8.6201210e-01
3.9765015e-01 4.9512360e-01 5.8607010e-01 6.4775420e-01 7.1279810e-01 8.3236240e-01 8.6152000e-01
3.9789701e-01 4.9422590e-01 5.8526280e-01 6.4699890e-01 7.1210840e-01 8.3193470e-01 8.6131930e-01
3.9814319e-01 4.9335770e-01 5.8443370e-01 6.4620040e-01 7.1149090e-01 8.3150340e-01 8.6080560e-01
3.9838871e-01 4.9248390e-01 5.8362710e-01 6.4552580e-01 7.1090290e-01 8.3100290e-01 8.6052520e-01
3.9863357e-01 4.9162270e-01 5.8283720e-01 6.4481030e-01 7.1027120e-01 8.3059300e-01 8.6009710e-01
3.9887775e-01 4.9071390e-01 5.8200780e-01 6.4402700e-01 7.0964450e-01 8.3015660e-01 8.5977200e-01
3.9912128e-01 4.8984690e-01 5.8119670e-01 6.4334130e-01 7.0904920e-01 8.2964100e-01 8.5941850e-01
3.9936414e-01 4.8895340e-01 5.8040080e-01 6.4261070e-01 7.0843450e-01 8.2919470e-01 8.5902630e-01
3.9960634e-01 4.8810570e-01 5.7961470e-01 6.4195730e-01 7.0783950e-01 8.2876090e-01 8.5861070e-01
3.9984789e-01 4.8720970e-01 5.7876420e-01 6.4118150e-01 7.0719080e-01 8.2836720e-01 8.5836420e-01
4.0008877e-01 4.8634270e-01 5.7797300e-01 6.4042610e-01 7.0657450e-01 8.2788100e-01 8.5785080e-01
4.0032899e-01 4.8542900e-01 5.7715350e-01 6.3972460e-01 7.0597490e-01 8.2736360e-01 8.5761910e-01
4.0056856e-01 4.8457230e-01 5.7633170e-01 6.3898790e-01 7.0529840e-01 8.2697920e-01 8.5718650e-01
4.0080748e-01 4.8368230e-01 5.7554320e-01 6.3823680e-01 7.0474730e-01 8.2658780e-01 8.5676060e-01
4.0104574e-01 4.8283430e-01 5.7472540e-01 6.3753200e-01 7.0410960e-01 8.2610160e-01 8.5653050e-01
4.0128335e-01 4.8197340e-01 5.7394640e-01 6.3687190e-01 7.0345350e-01 8.2563530e-01 8.5609620e-01
4.0152030e-01 4.8109410e-01 5.7311310e-01 6.3603800e-01 7.0285410e-01 8.2524390e-01 8.5555790e-01
4.0175661e-01 4.8024460e-01 5.7229130e-01 6.3535380e-01 7.0230450e-01 8.2474100e-01 8.5543840e-01
4.0199226e-01 4.7934030e-01 5.7149330e-01 6.3467470e-01 7.0162070e-01 8.2427550e-01 8.5501720e-01
4.0222727e-01 4.7847510e-01 5.7065900e-01 6.3381480e-01 7.0093400e-01 8.2375040e-01 8.5462850e-01
4.0246163e-01 4.7758180e-01 5.6986530e-01 6.3313450e-01 7.0041630e-01 8.2330180e-01 8.5428590e-01
4.0269534e-01 4.7672870e-01 5.6905750e-01 6.3246210e-01 6.9978510e-01 8.2287980e-01 8.5387070e-01
4.0292841e-01 4.7583180e-01 5.6822770e-01 6.3162850e-01 6.9909760e-01 8.2239780e-01 8.5347630e-01
4.0316084e-01 4.7497680e-01 5.6743040e-01 6.3095420e-01 6.9850240e-01 8.2194230e-01 8.5316190e-01
4.0339262e-01 4.7410760e-01 5.6661400e-01 6.3024780e-01 6.9798220e-01 8.2151920e-01 8.5276140e-01
4.0362376e-01 4.7323970e-01 5.6580250e-01 6.2944730e-01 6.9720610e-01 8.2109020e-01 8.5229010e-01
4.0385426e-01 4.7234140e-01 5.6497620e-01 6.2876060e-01 6.9663420e-01 8.2064400e-01 8.5198940e-01
4.0408413e-01 4.7149460e-01 5.6416610e-01 6.2801160e-01 6.9608900e-01 8.2012090e-01 8.5161150e-01
4.0431335e-01 4.7063490e-01 5.6336470e-01 6.2728100e-01 6.9533870e-01 8.1959670e-01 8.5117720e-01
4.0454194e-01 4.6973140e-01 5.6255080e-01 6.2655960e-01 6.9468060e-01 8.1915050e-01 8.5076720e-01
4.0476989e-01 4.6890370e-01 5.6173880e-01 6.2581660e-01 6.9415950e-01 8.1868180e-01 8.5052130e-01
4.0499720e-01 4.6802420e-01 5.6092770e-01 6.2510280e-01 6.9358430e-01 8.1821990e-01 8.5000790e-01
4.0522388e-01 4.6716570e-01 5.6011790e-01 6.2441410e-01 6.9284690e-01 8.1771700e-01 8.4962940e-01
4.0544993e-01 4.6626210e-01 5.5929250e-01 6.2358770e-01 6.9220540e-01 8.1729620e-01 8.4934350e-01
4.0567535e-01 4.6537970e-01 5.5847760e-01 6.2286640e-01 6.9165770e-01 8.1683140e-01 8.4890070e-01
4.0590013e-01 4.6453380e-01 5.5767160e-01 6.2219150e-01 6.9095670e-01 8.1635760e-01 8.4853920e-01
4.0612429e-01 4.6364810e-01 5.5684990e-01 6.2139190e-01 6.9031220e-01 8.1584620e-01 8.4820700e-01
4.0634782e-01 4.6279870e-01 5.5602710e-01 6.2068500e-01 6.8976450e-01 8.1533790e-01 8.4771490e-01
4.0657072e-01 4.6194860e-01 5.5523850e-01 6.1997310e-01 6.8906160e-01 8.1491590e-01 8.4746130e-01
4.0679299e-01 4.6105650e-01 5.5441480e-01 6.1920950e-01 6.8841980e-01 8.1445880e-01 8.4690220e-01
4.0701464e-01 4.6017980e-01 5.5359200e-01 6.1845810e-01 6.8781040e-01 8.1398300e-01 8.4662280e-01
4.0723566e-01 4.5931810e-01 5.5278440e-01 6.1772940e-01 6.8719910e-01 8.1351760e-01 8.4630720e-01
4.0745606e-01 4.5845170e-01 5.5194780e-01 6.1696290e-01 6.8661770e-01 8.1299950e-01 8.4583270e-01
4.0767584e-01 4.5760730e-01 5.5113960e-01 6.1624660e-01 6.8589030e-01 8.1258730e-01 8.4537990e-01
4.0789500e-01 4.5675250e-01 5.5032620e-01 6.1550220e-01 6.8527900e-01 8.1208330e-01 8.4504690e-01
4.0811353e-01 4.5588320e-01 5.4951660e-01 6.1477400e-01 6.8466610e-01 8.1153000e-01 8.4468700e-01
4.0833145e-01 4.5497180e-01 5.4868680e-01 6.1405870e-01 6.8405200e-01 8.1114560e-01 8.4422790e-01
4.0854874e-01 4.5413780e-01 5.4788560e-01 6.1330420e-01 6.8336270e-01 8.1064160e-01 8.4391120e-01
4.0876542e-01 4.5325710e-01 5.4706120e-01 6.1254490e-01 6.8271210e-01 8.1007760e-01 8.4343380e-01
4.0898149e-01 4.5241070e-01 5.4625400e-01 6.1183450e-01 6.8209750e-01 8.0969560e-01 8.4301770e-01
4.0919693e-01 4.5156540e-01 5.4543140e-01 6.1106270e-01 6.8149450e-01 8.0912050e-01 8.4270550e-01
4.0941177e-01 4.5068600e-01 5.4461200e-01 6.1032550e-01 6.8085070e-01 8.0865640e-01 8.4232700e-01
4.0962599e-01 4.4981120e-01 5.4379980e-01 6.0958260e-01 6.8017740e-01 8.0814370e-01 8.4183190e-01
4.0983959e-01 4.4896290e-01 5.4298270e-01 6.0882960e-01 6.7954060e-01 8.0767650e-01 8.4143360e-01
4.1005259e-01 4.4809780e-01 5.4215460e-01 6.0810970e-01 6.7898270e-01 8.0720630e-01 8.4110480e-01
4.1026497e-01 4.4721470e-01 5.4134670e-01 6.0735590e-01 6.7825020e-01 8.0671080e-01 8.4080260e-01
4.1047675e-01 4.4634510e-01 5.4052520e-01 6.0657620e-01 6.7764340e-01 8.0619020e-01 8.4026420e-01
4.1068791e-01 4.4549220e-01 5.3970280e-01 6.0589160e-01 6.7702820e-01 8.0580810e-01 8.3980440e-01
4.1089847e-01 4.4460980e-01 5.3887660e-01 6.0512930e-01 6.7638420e-01 8.0526680e-01 8.3953290e-01
4.1110842e-01 4.4377950e-01 5.3806710e-01 6.0434910e-01 6.7572330e-01 8.0469670e-01 8.3905920e-01
4.1131776e-01 4.4292040e-01 5.3724560e-01 6.0363600e-01 6.7508930e-01 8.0419890e-01 8.3859120e-01
4.1152650e-01 4.4203660e-01 5.3642180e-01 6.0290330e-01 6.7442990e-01 8.0378290e-01 8.3838070e-01
4.1173464e-01 4.4119040e-01 5.3560700e-01 6.0211460e-01 6.7379370e-01 8.0329010e-01 8.3786830e-01
4.1194217e-01 4.4032380e-01 5.3478730e-01 6.0140880e-01 6.7316920e-01 8.0272240e-01 8.3749150e-01
4.1214910e-01 4.3950370e-01 5.3396740e-01 6.0064690e-01 6.7253460e-01 8.0220660e-01 8.3712260e-01
4.1235543e-01 4.3860420e-01 5.3315070e-01 5.9989160e-01 6.7187360e-01 8.0170870e-01 8.3672420e-01
4.1256115e-01 4.3773790e-01 5.3233150e-01 5.9915480e-01 6.7124750e-01 8.0127230e-01 8.3623130e-01
4.1276628e-01 4.3690300e-01 5.3151290e-01 5.9840870e-01 6.7058010e-01 8.0073020e-01 8.3584900e-01
4.1297081e-01 4.3604240e-01 5.3068420e-01 5.9761990e-01 6.6994130e-01 8.0025870e-01 8.3549300e-01
4.1317474e-01 4.3517100e-01 5.2988270e-01 5.9688640e-01 6.6934300e-01 7.9974870e-01 8.3502470e-01
4.1337808e-01 4.3433130e-01 5.2905510e-01 5.9620300e-01 6.6864240e-01 7.9916520e-01 8.3458400e-01
4.1358081e-01 4.3346900e-01 5.2822530e-01 5.9538540e-01 6.6797180e-01 7.9875530e-01 8.3422850e-01
4.1378296e-01 4.3260050e-01 5.2740290e-01 5.9462030e-01 6.6736590e-01 7.9818660e-01 8.3370860e-01
4.1398450e-01 4.3175250e-01 5.2658910e-01 5.9393510e-01 6.6671520e-01 7.9767170e-01 8.3330120e-01
4.1418546e-01 4.3089810e-01 5.2575720e-01 5.9312200e-01 6.6601540e-01 7.9717520e-01 8.3301630e-01
4.1438582e-01 4.3002660e-01 5.2493000e-01 5.9239630e-01 6.6544580e-01 7.9665550e-01 8.3250200e-01
4.1458559e-01 4.2916650e-01 5.2412250e-01 5.9168580e-01 6.6477900e-01 7.9623400e-01 8.3212440e-01
4.1478477e-01 4.2834620e-01 5.2329740e-01 5.9084300e-01 6.6408780e-01 7.9564190e-01 8.3168990e-01
4.1498336e-01 4.2747960e-01 5.2246600e-01 5.9015670e-01 6.6349180e-01 7.9509800e-01 8.3124180e-01
4.1518136e-01 4.2660520e-01 5.2166330e-01 5.8944220e-01 6.6277330e-01 7.9463170e-01 8.3086500e-01
4.1537877e-01 4.2575690e-01 5.2081880e-01 5.8858030e-01 6.6213480e-01 7.9413610e-01 8.3039460e-01
4.1557559e-01 4.2491070e-01 5.1999160e-01 5.8788400e-01 6.6151540e-01 7.9356280e-01 8.3000490e-01
4.1577183e-01 4.2404370e-01 5.1917080e-01 5.8716540e-01 6.6079020e-01 7.9302380e-01 8.2960790e-01
4.1596748e-01 4.2318250e-01 5.1835620e-01 5.8634080e-01 6.6018350e-01 7.9259380e-01 8.2921260e-01
4.1616255e-01 4.2233430e-01 5.1753200e-01 5.8565280e-01 6.5958130e-01 7.9200760e-01 8.2871440e-01
4.1635703e-01 4.2150250e-01 5.1670070e-01 5.8488650e-01 6.5889660e-01 7.9149190e-01 8.2830700e-01
4.1655093e-01 4.2062550e-01 5.1586210e-01 5.8406010e-01 6.5819790e-01 7.9100580e-01 8.2787400e-01
4.1674424e-01 4.1979030e-01 5.1504910e-01 5.8335540e-01 6.5757960e-01 7.9043230e-01 8.2757560e-01
4.1693698e-01 4.1891040e-01 5.1422990e-01 5.8259230e-01 6.5691470e-01 7.8993200e-01 8.2698050e-01
4.1712913e-01 4.1809580e-01 5.1338710e-01 5.8181790e-01 6.5621170e-01 7.8936440e-01 8.2645910e-01
4.1732070e-01 4.1721590e-01 5.1256090e-01 5.8105310e-01 6.5559420e-01 7.8887240e-01 8.2622070e-01
4.1751170e-01 4.1636520e-01 5.1174650e-01 5.8029470e-01 6.5492680e-01 7.8832520e-01 8.2579470e-01
4.1770211e-01 4.1549390e-01 5.1090960e-01 5.7956410e-01 6.5431230e-01 7.8776960e-01 8.2529950e-01
4.1789195e-01 4.1465380e-01 5.1008080e-01 5.7880290e-01 6.5360690e-01 7.8725630e-01 8.2482210e-01
4.1808121e-01 4.1380880e-01 5.0925120e-01 5.7803750e-01 6.5291030e-01 7.8674630e-01 8.2444140e-01
4.1826989e-01 4.1294840e-01 5.0842350e-01 5.7724750e-01 6.5233230e-01 7.8619050e-01 8.2394850e-01
4.1845800e-01 4.1212210e-01 5.0758820e-01 5.7648250e-01 6.5161450e-01 7.8569880e-01 8.2351210e-01
4.1864553e-01 4.1124040e-01 5.0677300e-01 5.7576790e-01 6.5091820e-01 7.8511260e-01 8.2309610e-01
4.1883249e-01 4.1040480e-01 5.0593500e-01 5.7495650e-01 6.5029810e-01 7.8458730e-01 8.2270550e-01
4.1901888e-01 4.0953420e-01 5.0511060e-01 5.7423540e-01 6.4968270e-01 7.8400120e-01 8.2227870e-01
4.1920469e-01 4.0868880e-01 5.0427120e-01 5.7342550e-01 6.4899070e-01 7.8357030e-01 8.2174980e-01
4.1938993e-01 4.0785010e-01 5.0344350e-01 5.7267400e-01 6.4832130e-01 7.8290930e-01 8.2140560e-01
4.1957461e-01 4.0698420e-01 5.0260550e-01 5.7194870e-01 6.4763790e-01 7.8242500e-01 8.2093760e-01
4.1975871e-01 4.0614380e-01 5.0179510e-01 5.7111350e-01 6.4696130e-01 7.8189080e-01 8.2042330e-01
4.1994224e-01 4.0527960e-01 5.0096290e-01 5.7039800e-01 6.4627090e-01 7.8131940e-01 8.1993940e-01
4.2012520e-01 4.0444440e-01 5.0013580e-01 5.6961400e-01 6.4564910e-01 7.8074550e-01 8.1959690e-01
4.2030760e-01 4.0357780e-01 4.9928310e-01 5.6883830e-01 6.4497630e-01 7.8015000e-01 8.1915830e-01
4.2048943e-01 4.0277880e-01 4.9845700e-01 5.6811260e-01 6.4430340e-01 7.7967670e-01 8.1864460e-01
4.2067069e-01 4.0189790e-01 4.9762440e-01 5.6731920e-01 6.4361940e-01 7.7905570e-01 8.1819130e-01
4.2085138e-01 4.0103930e-01 4.9679230e-01 5.6654970e-01 6.4296410e-01 7.7861700e-01 8.1775060e-01
4.2103152e-01 4.0021100e-01 4.9596300e-01 5.6576340e-01 6.4231630e-01 7.7795160e-01 8.1723690e-01
4.2121108e-01 3.9937180e-01 4.9512540e-01 5.6500280e-01 6.4157320e-01 7.7742610e-01 8.1683080e-01
4.2139009e-01 3.9851890e-01 4.9429090e-01 5.6419690e-01 6.4090880e-01 7.7689200e-01 8.1644320e-01
4.2156853e-01 3.9767280e-01 4.9346600e-01 5.6347110e-01 6.4030220e-01 7.7632100e-01 8.1603850e-01
4.2174641e-01 3.9683340e-01 4.9262510e-01 5.6268420e-01 6.3956070e-01 7.7574580e-01 8.1557140e-01
4.2192372e-01 3.9596410e-01 4.9178520e-01 5.6191180e-01 6.3895610e-01 7.7515020e-01 8.1502170e-01
4.2210048e-01 3.9510780e-01 4.9094770e-01 5.6111750e-01 6.3820840e-01 7.7467780e-01 8.1453780e-01
4.2227668e-01 3.9426870e-01 4.9011510e-01 5.6034000e-01 6.3763380e-01 7.7403650e-01 8.1416360e-01
4.2245231e-01 3.9342250e-01 4.8927330e-01 5.5962370e-01 6.3690590e-01 7.7350460e-01 8.1377050e-01
4.2262739e-01 3.9256030e-01 4.8843880e-01 5.5879640e-01 6.3622740e-01 7.7289750e-01 8.1321140e-01
4.2280191e-01 3.9173310e-01 4.8760950e-01 5.5804720e-01 6.3551870e-01 7.7231280e-01 8.1268250e-01
4.2297588e-01 3.9089370e-01 4.8677180e-01 5.5725850e-01 6.3484910e-01 7.7172430e-01 8.1220280e-01
4.2314929e-01 3.9003830e-01 4.8592280e-01 5.5646830e-01 6.3419400e-01 7.7116520e-01 8.1168690e-01
4.2332214e-01 3.8918540e-01 4.8508180e-01 5.5572690e-01 6.3348280e-01 7.7061290e-01 8.1132920e-01
4.2349443e-01 3.8834040e-01 4.8425200e-01 5.5490300e-01 6.3281750e-01 7.7009640e-01 8.1079500e-01
4.2366618e-01 3.8749620e-01 4.8341630e-01 5.5417340e-01 6.3211100e-01 7.6943060e-01 8.1036900e-01
4.2383736e-01 3.8664180e-01 4.8257800e-01 5.5333980e-01 6.3144790e-01 7.6888690e-01 8.0998900e-01
4.2400800e-01 3.8578400e-01 4.8172250e-01 5.5258670e-01 6.3070420e-01 7.6831700e-01 8.0941470e-01
4.2417808e-01 3.8494850e-01 4.8088590e-01 5.5182300e-01 6.3009820e-01 7.6769370e-01 8.0892600e-01
4.2434761e-01 3.8409200e-01 4.8004170e-01 5.5099320e-01 6.2935970e-01 7.6710660e-01 8.0850200e-01
4.2451659e-01 3.8328730e-01 4.7919560e-01 5.5026780e-01 6.2870760e-01 7.6654140e-01 8.0792770e-01
4.2468502e-01 3.8244140e-01 4.7837200e-01 5.4942400e-01 6.2798520e-01 7.6595650e-01 8.0757260e-01
4.2485290e-01 3.8158440e-01 4.7751490e-01 5.4868930e-01 6.2735330e-01 7.6541780e-01 8.0699830e-01
4.2502023e-01 3.8077270e-01 4.7667260e-01 5.4785340e-01 6.2662440e-01 7.6476110e-01 8.0652050e-01
4.2518702e-01 3.7988510e-01 4.7583960e-01 5.4712010e-01 6.2594310e-01 7.6417620e-01 8.0602530e-01
4.2535325e-01 3.7903720e-01 4.7499480e-01 5.4631300e-01 6.2524250e-01 7.6354230e-01 8.0559270e-01
4.2551894e-01 3.7819960e-01 4.7414620e-01 5.4554120e-01 6.2461530e-01 7.6295380e-01 8.0515070e-01
4.2568408e-01 3.7736030e-01 4.7329020e-01 5.4471980e-01 6.2381790e-01 7.6239840e-01 8.0462190e-01
4.2584867e-01 3.7649770e-01 4.7245130e-01 5.4396540e-01 6.2323120e-01 7.6176190e-01 8.0402680e-01
4.2601272e-01 3.7567810e-01 4.7161310e-01 5.4315290e-01 6.2244100e-01 7.6117610e-01 8.0356780e-01
4.2617623e-01 3.7480800e-01 4.7077210e-01 5.4236490e-01 6.2179110e-01 7.6057560e-01 8.0305420e-01
4.2633919e-01 3.7398680e-01 4.6991600e-01 5.4156680e-01 6.2111030e-01 7.5992980e-01 8.0253830e-01
4.2650161e-01 3.7314670e-01 4.6906630e-01 5.4078050e-01 6.2038200e-01 7.5935230e-01 8.0209920e-01
4.2666348e-01 3.7230800e-01 4.6822970e-01 5.4003250e-01 6.1970850e-01 7.5870960e-01 8.0172770e-01
4.2682481e-01 3.7144690e-01 4.6737660e-01 5.3920960e-01 6.1898420e-01 7.5816130e-01 8.0113270e-01
4.2698560e-01 3.7062160e-01 4.6652050e-01 5.3841770e-01 6.1826840e-01 7.5752020e-01 8.0067980e-01
4.2714585e-01 3.6976280e-01 4.6568290e-01 5.3760540e-01 6.1763000e-01 7.5680870e-01 8.0013020e-01
4.2730556e-01 3.6891510e-01 4.6483270e-01 5.3684580e-01 6.1688380e-01 7.5629050e-01 7.9978630e-01
4.2746473e-01 3.6810640e-01 4.6397120e-01 5.3599890e-01 6.1618790e-01 7.5574080e-01 7.9919130e-01
4.2762336e-01 3.6723780e-01 4.6312870e-01 5.3523650e-01 6.1544330e-01 7.5497660e-01 7.9862520e-01
4.2778145e-01 3.6641450e-01 4.6228660e-01 5.3442100e-01 6.1480080e-01 7.5448240e-01 7.9818610e-01
4.2793901e-01 3.6556860e-01 4.6143020e-01 5.3363410e-01 6.1402820e-01 7.5374700e-01 7.9768790e-01
4.2809603e-01 3.6471030e-01 4.6057750e-01 5.3283200e-01 6.1336590e-01 7.5325060e-01 7.9715900e-01
4.2825251e-01 3.6386090e-01 4.5972840e-01 5.3206290e-01 6.1272460e-01 7.5252130e-01 7.9669760e-01
4.2840845e-01 3.6303510e-01 4.5887040e-01 5.3124930e-01 6.1198060e-01 7.5193880e-01 7.9610250e-01
4.2856386e-01 3.6218400e-01 4.5802280e-01 5.3044880e-01 6.1128450e-01 7.5130850e-01 7.9567050e-01
4.2871873e-01 3.6132180e-01 4.5717290e-01 5.2964200e-01 6.1054330e-01 7.5070710e-01 7.9512990e-01
4.2887307e-01 3.6050410e-01 4.5630500e-01 5.2886230e-01 6.0987680e-01 7.5001400e-01 7.9453480e-01
4.2902687e-01 3.5965060e-01 4.5544840e-01 5.2801970e-01 6.0909620e-01 7.4943080e-01 7.9407080e-01
4.2918015e-01 3.5881210e-01 4.5460380e-01 5.2723360e-01 6.0840290e-01 7.4876500e-01 7.9351330e-01
4.2933289e-01 3.5795860e-01 4.5373570e-01 5.2640070e-01 6.0768020e-01 7.4814570e-01 7.9309280e-01
4.2948509e-01 3.5711340e-01 4.5289300e-01 5.2562550e-01 6.0698980e-01 7.4746960e-01 7.9249780e-01
4.2963677e-01 3.5628090e-01 4.5203100e-01 5.2477400e-01 6.0624010e-01 7.4680620e-01 7.9200250e-01
4.2978791e-01 3.5544940e-01 4.5116840e-01 5.2399730e-01 6.0554070e-01 7.4617580e-01 7.9146420e-01
4.2993853e-01 3.5459730e-01 4.5032160e-01 5.2315210e-01 6.0478790e-01 7.4549120e-01 7.9086920e-01
4.3008861e-01 3.5374700e-01 4.4945510e-01 5.2239100e-01 6.0409960e-01 7.4482580e-01 7.9041840e-01
4.3023817e-01 3.5294040e-01 4.4859390e-01 5.2154970e-01 6.0340620e-01 7.4425100e-01 7.8984410e-01
4.3038719e-01 3.5207450e-01 4.4772340e-01 5.2076300e-01 6.0265960e-01 7.4357580e-01 7.8924900e-01
4.3053569e-01 3.5122480e-01 4.4686890e-01 5.1993210e-01 6.0199800e-01 7.4286440e-01 7.8882360e-01
4.3068366e-01 3.5038490e-01 4.4600140e-01 5.1913030e-01 6.0118510e-01 7.4231520e-01 7.8829470e-01
4.3083110e-01 3.4953630e-01 4.4513920e-01 5.1831810e-01 6.0054030e-01 7.4155200e-01 7.8770770e-01
4.3097802e-01 3.4870040e-01 4.4427270e-01 5.1750000e-01 5.9973760e-01 7.4091070e-01 7.8709620e-01
4.3112441e-01 3.4789020e-01 4.4341270e-01 5.1668070e-01 5.9905970e-01 7.4023800e-01 7.8662170e-01
4.3127027e-01 3.4705140e-01 4.4255620e-01 5.1587410e-01 5.9828350e-01 7.3959310e-01 7.8606260e-01
4.3141561e-01 3.4617480e-01 4.4167940e-01 5.1504390e-01 5.9761350e-01 7.3892420e-01 7.8546760e-01
4.3156043e-01 3.4535150e-01 4.4082260e-01 5.1424600e-01 5.9685110e-01 7.3824050e-01 7.8500860e-01
4.3170472e-01 3.4448620e-01 4.3994290e-01 5.1340910e-01 5.9616590e-01 7.3751490e-01 7.8444250e-01
4.3184849e-01 3.4365620e-01 4.3908380e-01 5.1257570e-01 5.9541100e-01 7.3697050e-01 7.8394890e-01
4.3199174e-01 3.4284300e-01 4.3821740e-01 5.1176080e-01 5.9468920e-01 7.3620730e-01 7.8332440e-01
4.3213446e-01 3.4198410e-01 4.3734660e-01 5.1094350e-01 5.9391930e-01 7.3545480e-01 7.8280850e-01
4.3227666e-01 3.4114760e-01 4.3647710e-01 5.1012100e-01 5.9320880e-01 7.3482060e-01 7.8225890e-01
4.3241834e-01 3.4030840e-01 4.3560530e-01 5.0930830e-01 5.9244200e-01 7.3409520e-01 7.8172900e-01
4.3255950e-01 3.3947080e-01 4.3473710e-01 5.0845600e-01 5.9174650e-01 7.3342020e-01 7.8118840e-01
4.3270014e-01 3.3860640e-01 4.3385120e-01 5.0763450e-01 5.9099180e-01 7.3275220e-01 7.8062930e-01
4.3284026e-01 3.3778190e-01 4.3299410e-01 5.0680490e-01 5.9027250e-01 7.3202190e-01 7.8004760e-01
4.3297986e-01 3.3692580e-01 4.3210420e-01 5.0597590e-01 5.8950600e-01 7.3136850e-01 7.7949050e-01
4.3311894e-01 3.3607670e-01 4.3122350e-01 5.0513140e-01 5.8874040e-01 7.3068170e-01 7.7881410e-01
4.3325750e-01 3.3525530e-01 4.3036130e-01 5.0432220e-01 5.8803500e-01 7.2997030e-01 7.7817280e-01
4.3339554e-01 3.3439230e-01 4.2948590e-01 5.0347840e-01 5.8729990e-01 7.2921540e-01 7.7768410e-01
4.3353307e-01 3.3355440e-01 4.2861260e-01 5.0266840e-01 5.8650050e-01 7.2858620e-01 7.7711010e-01
4.3367008e-01 3.3269960e-01 4.2773080e-01 5.0179530e-01 5.8578160e-01 7.2782200e-01 7.7653580e-01
4.3380658e-01 3.3186710e-01 4.2685360e-01 5.0098570e-01 5.8497420e-01 7.2714440e-01 7.7594070e-01
4.3394255e-01 3.3102620e-01 4.2597200e-01 5.0012470e-01 5.8428040e-01 7.2642380e-01 7.7539110e-01
4.3407802e-01 3.3015570e-01 4.2508680e-01 4.9930620e-01 5.8349090e-01 7.2566050e-01 7.7485470e-01
4.3421297e-01 3.2933170e-01 4.2419970e-01 4.9845260e-01 5.8280450e-01 7.2493030e-01 7.7405910e-01
4.3434740e-01 3.2848320e-01 4.2332680e-01 4.9763020e-01 5.8201460e-01 7.2416710e-01 7.7346400e-01
4.3448132e-01 3.2760830e-01 4.2243740e-01 4.9675640e-01 5.8121800e-01 7.2349810e-01 7.7288850e-01
4.3461473e-01 3.2680750e-01 4.2155650e-01 4.9590790e-01 5.8051800e-01 7.2276880e-01 7.7247490e-01
4.3474762e-01 3.2594970e-01 4.2067020e-01 4.9507730e-01 5.7973000e-01 7.2200470e-01 7.7187990e-01
4.3488000e-01 3.2512590e-01 4.1979250e-01 4.9423260e-01 5.7898870e-01 7.2121270e-01 7.7115060e-01
4.3501187e-01 3.2429230e-01 4.1889510e-01 4.9338860e-01 5.7822080e-01 7.2052680e-01 7.7049290e-01
4.3514323e-01 3.2341980e-01 4.1800590e-01 4.9252550e-01 5.7742610e-01 7.1981440e-01 7.6995220e-01
4.3527407e-01 3.2257390e-01 4.1711620e-01 4.9167890e-01 5.7668890e-01 7.1900550e-01 7.6940260e-01
4.3540441e-01 3.2171070e-01 4.1623730e-01 4.9081920e-01 5.7588130e-01 7.1827530e-01 7.6873820e-01
4.3553423e-01 3.2088700e-01 4.1534450e-01 4.8996600e-01 5.7511260e-01 7.1751200e-01 7.6819990e-01
4.3566355e-01 3.2004600e-01 4.1445120e-01 4.8912100e-01 5.7432410e-01 7.1679140e-01 7.6759220e-01
4.3579236e-01 3.1917370e-01 4.1355760e-01 4.8824580e-01 5.7357240e-01 7.1602240e-01 7.6692790e-01
4.3592065e-01 3.1833340e-01 4.1264510e-01 4.8741120e-01 5.7282080e-01 7.1522160e-01 7.6629690e-01
4.3604844e-01 3.1747930e-01 4.1176910e-01 4.8654750e-01 5.7206700e-01 7.1445740e-01 7.6570610e-01
4.3617573e-01 3.1662310e-01 4.1086920e-01 4.8567850e-01 5.7126840e-01 7.1374600e-01 7.6502420e-01
4.3630250e-01 3.1580310e-01 4.0997340e-01 4.8483540e-01 5.7051110e-01 7.1298790e-01 7.6443070e-01
4.3642877e-01 3.1496710e-01 4.0907010e-01 4.8395190e-01 5.6974630e-01 7.1218520e-01 7.6381920e-01
4.3655453e-01 3.1412150e-01 4.0817360e-01 4.8310390e-01 5.6893310e-01 7.1141270e-01 7.6324490e-01
4.3667978e-01 3.1324360e-01 4.0727740e-01 4.8223400e-01 5.6814400e-01 7.1064630e-01 7.6256110e-01
4.3680453e-01 3.1238890e-01 4.0637550e-01 4.8138280e-01 5.6741200e-01 7.0983970e-01 7.6188260e-01
4.3692877e-01 3.1156640e-01 4.0547270e-01 4.8048770e-01 5.6656270e-01 7.0907650e-01 7.6134200e-01
4.3705251e-01 3.1069270e-01 4.0456750e-01 4.7962390e-01 5.6579140e-01 7.0828450e-01 7.6073430e-01
4.3717575e-01 3.0985200e-01 4.0366520e-01 4.7876070e-01 5.6502240e-01 7.0747470e-01 7.6007220e-01
4.3729848e-01 3.0898800e-01 4.0274120e-01 4.7786080e-01 5.6416160e-01 7.0671140e-01 7.5931510e-01
4.3742070e-01 3.0815580e-01 4.0185910e-01 4.7700480e-01 5.6342150e-01 7.0581430e-01 7.5869620e-01
4.3754243e-01 3.0729350e-01 4.0093200e-01 4.7613600e-01 5.6265380e-01 7.0504080e-01 7.5809710e-01
4.3766365e-01 3.0644300e-01 4.0002990e-01 4.7524500e-01 5.6180330e-01 7.0424750e-01 7.5741860e-01
4.3778437e-01 3.0560100e-01 3.9911730e-01 4.7437420e-01 5.6102210e-01 7.0348110e-01 7.5677060e-01
4.3790458e-01 3.0476680e-01 3.9821190e-01 4.7350050e-01 5.6025460e-01 7.0267930e-01 7.5607780e-01
4.3802430e-01 3.0391590e-01 3.9730150e-01 4.7259640e-01 5.5940340e-01 7.0187500e-01 7.5534330e-01
4.3814351e-01 3.0305360e-01 3.9637330e-01 4.7171790e-01 5.5860840e-01 7.0098300e-01 7.5468310e-01
4.3826222e-01 3.0219260e-01 3.9548220e-01 4.7084030e-01 5.5782100e-01 7.0020960e-01 7.5414660e-01
4.3838044e-01 3.0135810e-01 3.9456040e-01 4.6996220e-01 5.5701860e-01 6.9940780e-01 7.5340200e-01
4.3849815e-01 3.0048340e-01 3.9364510e-01 4.6906650e-01 5.5623310e-01 6.9852170e-01 7.5279460e-01
4.3861536e-01 2.9962150e-01 3.9271860e-01 4.6817000e-01 5.5536790e-01 6.9772970e-01 7.5212450e-01
4.3873208e-01 2.9878540e-01 3.9179370e-01 4.6729120e-01 5.5459430e-01 6.9687360e-01 7.5131450e-01
4.3884829e-01 2.9794130e-01 3.9088400e-01 4.6640200e-01 5.5377420e-01 6.9601580e-01 7.5064230e-01
4.3896401e-01 2.9708550e-01 3.8994880e-01 4.6548470e-01 5.5295990e-01 6.9513570e-01 7.4998200e-01
4.3907923e-01 2.9620830e-01 3.8903170e-01 4.6458670e-01 5.5208000e-01 6.9433260e-01 7.4937850e-01
4.3919395e-01 2.9534990e-01 3.8809570e-01 4.6370780e-01 5.5129360e-01 6.9346370e-01 7.4863760e-01
4.3930818e-01 2.9447200e-01 3.8716780e-01 4.6280580e-01 5.5056910e-01 6.9254500e-01 7.4794890e-01
4.3942191e-01 2.9362200e-01 3.8625540e-01 4.6189030e-01 5.4966810e-01 6.9178090e-01 7.4725510e-01
4.3953514e-01 2.9280500e-01 3.8532500e-01 4.6098420e-01 5.4877340e-01 6.9087570e-01 7.4659490e-01
4.3964788e-01 2.9192030e-01 3.8438720e-01 4.6009440e-01 5.4803610e-01 6.9000140e-01 7.4579480e-01
4.3976012e-01 2.9107260e-01 3.8345580e-01 4.5917940e-01 5.4722490e-01 6.8910120e-01 7.4505170e-01
4.3987186e-01 2.9018990e-01 3.8251860e-01 4.5826940e-01 5.4636860e-01 6.8821490e-01 7.4446080e-01
4.3998311e-01 2.8932850e-01 3.8157250e-01 4.5734330e-01 5.4547000e-01 6.8736880e-01 7.4357310e-01
4.4009387e-01 2.8847650e-01 3.8064080e-01 4.5643000e-01 5.4467320e-01 6.8651910e-01 7.4295380e-01
4.4020413e-01 2.8762030e-01 3.7970930e-01 4.5551240e-01 5.4384210e-01 6.8557300e-01 7.4222440e-01
4.4031390e-01 2.8676340e-01 3.7876450e-01 4.5459680e-01 5.4295460e-01 6.8464350e-01 7.4153580e-01
4.4042318e-01 2.8587430e-01 3.7781510e-01 4.5367920e-01 5.4212250e-01 6.8371770e-01 7.4082290e-01
4.4053196e-01 2.8501290e-01 3.7687160e-01 4.5274630e-01 5.4133790e-01 6.8283860e-01 7.3991930e-01
4.4064025e-01 2.8414180e-01 3.7592050e-01 4.5181050e-01 5.4044750e-01 6.8188560e-01 7.3924500e-01
4.4074805e-01 2.8328170e-01 3.7496680e-01 4.5088340e-01 5.3954440e-01 6.8096540e-01 7.3853820e-01
4.4085535e-01 2.8242030e-01 3.7400700e-01 4.4994390e-01 5.3868370e-01 6.8006270e-01 7.3766380e-01
4.4096217e-01 2.8153300e-01 3.7305420e-01 4.4899930e-01 5.3779890e-01 6.7908850e-01 7.3692230e-01
4.4106849e-01 2.8066670e-01 3.7208060e-01 4.4807000e-01 5.3700890e-01 6.7819300e-01 7.3618100e-01
4.4117433e-01 2.7978330e-01 3.7112530e-01 4.4713130e-01 5.3613740e-01 6.7718420e-01 7.3543790e-01
4.4127967e-01 2.7892260e-01 3.7016910e-01 4.4617500e-01 5.3527490e-01 6.7620760e-01 7.3462940e-01
4.4138452e-01 2.7803040e-01 3.6918870e-01 4.4521370e-01 5.3433750e-01 6.7533240e-01 7.3381340e-01
4.4148888e-01 2.7716770e-01 3.6823090e-01 4.4426500e-01 5.3344860e-01 6.7428640e-01 7.3310050e-01
4.4159276e-01 2.7627650e-01 3.6725240e-01 4.4332040e-01 5.3262280e-01 6.7331810e-01 7.3221610e-01
4.4169614e-01 2.7541230e-01 3.6628860e-01 4.4235150e-01 5.3172580e-01 6.7226590e-01 7.3148790e-01
4.4179903e-01 2.7452110e-01 3.6530840e-01 4.4138360e-01 5.3080570e-01 6.7133480e-01 7.3067720e-01
4.4190144e-01 2.7365510e-01 3.6431680e-01 4.4041140e-01 5.2985510e-01 6.7034080e-01 7.2981050e-01
4.4200336e-01 2.7274810e-01 3.6333500e-01 4.3944920e-01 5.2900050e-01 6.6933140e-01 7.2905070e-01
4.4210479e-01 2.7187540e-01 3.6235820e-01 4.3847960e-01 5.2810570e-01 6.6828390e-01 7.2815720e-01
4.4220574e-01 2.7099020e-01 3.6135940e-01 4.3750010e-01 5.2721950e-01 6.6723570e-01 7.2741030e-01
4.4230619e-01 2.7009680e-01 3.6035880e-01 4.3651710e-01 5.2632210e-01 6.6619720e-01 7.2642000e-01
4.4240616e-01 2.6919860e-01 3.5935800e-01 4.3553360e-01 5.2540470e-01 6.6512450e-01 7.2566230e-01
4.4250565e-01 2.6829080e-01 3.5837100e-01 4.3454270e-01 5.2447400e-01 6.6405880e-01 7.2478700e-01
4.4260465e-01 2.6738970e-01 3.5735260e-01 4.3354760e-01 5.2360950e-01 6.6302800e-01 7.2407210e-01
4.4270316e-01 2.6650880e-01 3.5636290e-01 4.3255190e-01 5.2265570e-01 6.6191660e-01 7.2303310e-01
4.4280119e-01 2.6560730e-01 3.5534580e-01 4.3154950e-01 5.2170090e-01 6.6087890e-01 7.2218440e-01
4.4289873e-01 2.6469790e-01 3.5432130e-01 4.3053960e-01 5.2074520e-01 6.5982070e-01 7.2135470e-01
4.4299579e-01 2.6377920e-01 3.5329710e-01 4.2951870e-01 5.1978990e-01 6.5868470e-01 7.2052640e-01
4.4309236e-01 2.6288640e-01 3.5228690e-01 4.2850250e-01 5.1882830e-01 6.5761670e-01 7.1951240e-01
4.4318845e-01 2.6198820e-01 3.5126520e-01 4.2748550e-01 5.1788560e-01 6.5647050e-01 7.1877550e-01
4.4328405e-01 2.6107260e-01 3.5023870e-01 4.2645280e-01 5.1689630e-01 6.5532750e-01 7.1768900e-01
4.4337917e-01 2.6014420e-01 3.4921420e-01 4.2542040e-01 5.1589690e-01 6.5421520e-01 7.1685720e-01
4.4347381e-01 2.5923810e-01 3.4816010e-01 4.2438520e-01 5.1496600e-01 6.5301330e-01 7.1592180e-01
4.4356797e-01 2.5831270e-01 3.4711330e-01 4.2335490e-01 5.1404100e-01 6.5190190e-01 7.1495870e-01
4.4366164e-01 2.5741080e-01 3.4608570e-01 4.2231800e-01 5.1307840e-01 6.5076990e-01 7.1404120e-01
4.4375483e-01 2.5648100e-01 3.4502800e-01 4.2126760e-01 5.1210900e-01 6.4955110e-01 7.1303950e-01
4.4384754e-01 2.5554500e-01 3.4397080e-01 4.2022390e-01 5.1111890e-01 6.4832600e-01 7.1209310e-01
4.4393977e-01 2.5462320e-01 3.4290610e-01 4.1916410e-01 5.1010850e-01 6.4708310e-01 7.1105110e-01
4.4403152e-01 2.5366970e-01 3.4185080e-01 4.1810670e-01 5.0911690e-01 6.4588280e-01 7.1009730e-01
4.4412278e-01 2.5276510e-01 3.4077550e-01 4.1701760e-01 5.0802860e-01 6.4473660e-01 7.0920160e-01
4.4421356e-01 2.5183020e-01 3.3972690e-01 4.1594540e-01 5.0704940e-01 6.4345370e-01 7.0815540e-01
4.4430387e-01 2.5087690e-01 3.3864310e-01 4.1487580e-01 5.0606720e-01 6.4220470e-01 7.0709440e-01
4.4439369e-01 2.4994010e-01 3.3756560e-01 4.1379670e-01 5.0507690e-01 6.4097520e-01 7.0608340e-01
4.4448304e-01 2.4900000e-01 3.3647770e-01 4.1270700e-01 5.0404730e-01 6.3972290e-01 7.0510400e-01
4.4457190e-01 2.4804710e-01 3.3538590e-01 4.1161440e-01 5.0303100e-01 6.3839140e-01 7.0408630e-01
4.4466029e-01 2.4710370e-01 3.3430220e-01 4.1050580e-01 5.0200720e-01 6.3714520e-01 7.0298260e-01
4.4474819e-01 2.4612130e-01 3.3320180e-01 4.0940460e-01 5.0094830e-01 6.3569970e-01 7.0206260e-01
4.4483562e-01 2.4519280e-01 3.3210120e-01 4.0829060e-01 4.9990880e-01 6.3447020e-01 7.0088510e-01
4.4492257e-01 2.4423030e-01 3.3098700e-01 4.0718420e-01 4.9889140e-01 6.3318300e-01 6.9987840e-01
4.4500904e-01 2.4326270e-01 3.2987800e-01 4.0605930e-01 4.9779780e-01 6.3182980e-01 6.9869130e-01
4.4509503e-01 2.4227590e-01 3.2874450e-01 4.0491760e-01 4.9672180e-01 6.3047260e-01 6.9762240e-01
4.4518055e-01 2.4131490e-01 3.2762770e-01 4.0379950e-01 4.9568060e-01 6.2914680e-01 6.9657960e-01
4.4526559e-01 2.4035270e-01 3.2650130e-01 4.0265160e-01 4.9458480e-01 6.2775780e-01 6.9547150e-01
4.4535015e-01 2.3939880e-01 3.2537020e-01 4.0149810e-01 4.9343100e-01 6.2629690e-01 6.9426080e-01
4.4543423e-01 2.3840860e-01 3.2423380e-01 4.0035330e-01 4.9238730e-01 6.2500330e-01 6.9321360e-01
4.4551784e-01 2.3743730e-01 3.2307360e-01 3.9919000e-01 4.9128840e-01 6.2353760e-01 6.9211740e-01
4.4560097e-01 2.3643580e-01 3.2193290e-01 3.9802320e-01 4.9020380e-01 6.2209830e-01 6.9086760e-01
4.4568363e-01 2.3545320e-01 3.2077690e-01 3.9685220e-01 4.8906470e-01 6.2060720e-01 6.8973020e-01
4.4576581e-01 2.3446370e-01 3.1960070e-01 3.9566830e-01 4.8793180e-01 6.1917710e-01 6.8858120e-01
4.4584752e-01 2.3346860e-01 3.1844240e-01 3.9446920e-01 4.8681110e-01 6.1763190e-01 6.8739390e-01
4.4592875e-01 2.3244680e-01 3.1727620e-01 3.9328230e-01 4.8564560e-01 6.1616860e-01 6.8611560e-01
4.4600950e-01 2.3143840e-01 3.1607170e-01 3.9206820e-01 4.8453840e-01 6.1461190e-01 6.8489040e-01
4.4608978e-01 2.3042200e-01 3.1487810e-01 3.9085780e-01 4.8333920e-01 6.1300250e-01 6.8366550e-01
4.4616959e-01 2.2942540e-01 3.1366670e-01 3.8962110e-01 4.8215870e-01 6.1145380e-01 6.8237650e-01
4.4624892e-01 2.2839020e-01 3.1246660e-01 3.8839180e-01 4.8104690e-01 6.0976350e-01 6.8117490e-01
4.4632778e-01 2.2736530e-01 3.1124120e-01 3.8713270e-01 4.7980070e-01 6.0809890e-01 6.7970090e-01
4.4640616e-01 2.2630490e-01 3.1001540e-01 3.8588010e-01 4.7863330e-01 6.0653390e-01 6.7848310e-01
4.4648407e-01 2.2527380e-01 3.0876140e-01 3.8461090e-01 4.7739500e-01 6.0477990e-01 6.7712110e-01
4.4656151e-01 2.2422380e-01 3.0749740e-01 3.8331520e-01 4.7616360e-01 6.0304400e-01 6.7567070e-01
4.4663847e-01 2.2315560e-01 3.0624510e-01 3.8202120e-01 4.7492840e-01 6.0128760e-01 6.7432460e-01
4.4671497e-01 2.2209630e-01 3.0496670e-01 3.8071190e-01 4.7364070e-01 5.9938050e-01 6.7282360e-01
4.4679099e-01 2.2102750e-01 3.0368040e-01 3.7939260e-01 4.7243030e-01 5.9758790e-01 6.7127310e-01
4.4686653e-01 2.1994860e-01 3.0236790e-01 3.7805470e-01 4.7111380e-01 5.9565890e-01 6.6989910e-01
4.4694161e-01 2.1885530e-01 3.0107160e-01 3.7670270e-01 4.6980860e-01 5.9371540e-01 6.6828160e-01
4.4701621e-01 2.1774510e-01 2.9974270e-01 3.7533720e-01 4.6851040e-01 5.9170600e-01 6.6662180e-01
4.4709035e-01 2.1664140e-01 2.9839920e-01 3.7395510e-01 4.6715850e-01 5.8980350e-01 6.6510250e-01
4.4716401e-01 2.1553480e-01 2.9705340e-01 3.7255620e-01 4.6583880e-01 5.8770600e-01 6.6348710e-01
4.4723720e-01 2.1438390e-01 2.9567750e-01 3.7114740e-01 4.6445870e-01 5.8561690e-01 6.6178670e-01
4.4730992e-01 2.1328090e-01 2.9430860e-01 3.6972090e-01 4.6306530e-01 5.8340820e-01 6.6015930e-01
4.4738217e-01 2.1210450e-01 2.9291280e-01 3.6827300e-01 4.6166050e-01 5.8117430e-01 6.5828210e-01
4.4745395e-01 2.1096520e-01 2.9149790e-01 3.6681470e-01 4.6026560e-01 5.7892840e-01 6.5650390e-01
4.4752525e-01 2.0979930e-01 2.9006590e-01 3.6532530e-01 4.5883450e-01 5.7664900e-01 6.5468790e-01
4.4759609e-01 2.0861490e-01 2.8863390e-01 3.6382680e-01 4.5738840e-01 5.7430410e-01 6.5289440e-01
4.4766646e-01 2.0746330e-01 2.8716960e-01 3.6230960e-01 4.5591050e-01 5.7188680e-01 6.5100120e-01
4.4773636e-01 2.0624590e-01 2.8568740e-01 3.6076830e-01 4.5440570e-01 5.6935640e-01 6.4895080e-01
4.4780579e-01 2.0500990e-01 2.8419490e-01 3.5920430e-01 4.5290460e-01 5.6675620e-01 6.4690270e-01
4.4787476e-01 2.0381370e-01 2.8267460e-01 3.5762360e-01 4.5135530e-01 5.6406040e-01 6.4482840e-01
4.4794325e-01 2.0257100e-01 2.8113090e-01 3.5601060e-01 4.4977230e-01 5.6136150e-01 6.4275650e-01
4.4801127e-01 2.0129240e-01 2.7955310e-01 3.5435880e-01 4.4817150e-01 5.5846670e-01 6.4052940e-01
4.4807883e-01 2.0004040e-01 2.7797390e-01 3.5269970e-01 4.4657410e-01 5.5551530e-01 6.3813340e-01
4.4814592e-01 1.9875700e-01 2.7635600e-01 3.5100270e-01 4.4488070e-01 5.5249500e-01 6.3579960e-01
4.4821254e-01 1.9745590e-01 2.7471670e-01 3.4927020e-01 4.4320690e-01 5.4935150e-01 6.3332150e-01
4.4827869e-01 1.9610970e-01 2.7303950e-01 3.4750600e-01 4.4148870e-01 5.4621090e-01 6.3077790e-01
4.4834438e-01 1.9476940e-01 2.7131800e-01 3.4569920e-01 4.3972440e-01 5.4289430e-01 6.2809640e-01
4.4840960e-01 1.9336990e-01 2.6956230e-01 3.4385970e-01 4.3792230e-01 5.3932940e-01 6.2524750e-01
4.4847435e-01 1.9201390e-01 2.6778960e-01 3.4197580e-01 4.3607300e-01 5.3537640e-01 6.2254610e-01
4.4853863e-01 1.9057070e-01 2.6596230e-01 3.4004750e-01 4.3417510e-01 5.3086180e-01 6.1953100e-01
4.4860245e-01 1.8913060e-01 2.6410240e-01 3.3806980e-01 4.3221960e-01 5.2529050e-01 6.1632790e-01
4.4866580e-01 1.8765470e-01 2.6219890e-01 3.3604130e-01 4.3024500e-01 5.1824270e-01 6.1245530e-01
4.4872868e-01 1.8615870e-01 2.6024150e-01 3.3395780e-01 4.2817310e-01 5.0914980e-01 6.0703660e-01
4.4879110e-01 1.8460820e-01 2.5822630e-01 3.3181300e-01 4.2607220e-01 4.9742900e-01 5.9969610e-01
4.4885306e-01 1.8303770e-01 2.5616240e-01 3.2961400e-01 4.2390060e-01 4.8268600e-01 5.8914690e-01
4.4891454e-01 1.8142710e-01 2.5403880e-01 3.2733330e-01 4.2165760e-01 4.6479930e-01 5.7479180e-01
4.4897557e-01 1.7975210e-01 2.5183500e-01 3.2499460e-01 4.1934400e-01 4.4361510e-01 5.5586650e-01
4.4903612e-01 1.7804820e-01 2.4958470e-01 3.2258140e-01 4.1696510e-01 4.1973060e-01 5.3220630e-01
4.4909621e-01 1.7629580e-01 2.4725360e-01 3.2009470e-01 4.1453380e-01 3.9376800e-01 5.0431760e-01
4.4915584e-01 1.7448220e-01 2.4477560e-01 3.1748550e-01 4.1200570e-01 3.6631860e-01 4.7302220e-01
4.4921500e-01 1.7249750e-01 2.4212060e-01 3.1469250e-01 4.0932380e-01 3.3819320e-01 4.3936270e-01
4.4927370e-01 1.7039520e-01 2.3915230e-01 3.1157570e-01 4.0636990e-01 3.0987570e-01 4.0452020e-01
4.4933193e-01 1.6802400e-01 2.3572560e-01 3.0795300e-01 4.0291810e-01 2.8218300e-01 3.6959140e-01
4.4938970e-01 1.6531030e-01 2.3168060e-01 3.0359130e-01 3.9870200e-01 2.5563610e-01 3.3558530e-01
4.4944700e-01 1.6218900e-01 2.2679980e-01 2.9820600e-01 3.9335530e-01 2.3059210e-01 3.0319550e-01
4.4950384e-01 1.5863150e-01 2.2095810e-01 2.9153460e-01 3.8651510e-01 2.0724330e-01 2.7293030e-01
4.4956022e-01 1.5451410e-01 2.1403480e-01 2.8338200e-01 3.7785200e-01 1.8570520e-01 2.4503360e-01
4.4961614e-01 1.4984350e-01 2.0597390e-01 2.7361880e-01 3.6714340e-01 1.6600610e-01 2.1962980e-01
4.4967159e-01 1.4466410e-01 1.9686580e-01 2.6226040e-01 3.5427730e-01 1.4810240e-01 1.9675690e-01
4.4972657e-01 1.3901470e-01 1.8682900e-01 2.4941360e-01 3.3929950e-01 1.3190000e-01 1.7627810e-01
4.4978110e-01 1.3296080e-01 1.7604200e-01 2.3530140e-01 3.2241590e-01 1.1731930e-01 1.5806680e-01
4.4983516e-01 1.2662050e-01 1.6473950e-01 2.2024990e-01 3.0398980e-01 1.0426610e-01 1.4196910e-01
4.4988876e-01 1.2005620e-01 1.5320120e-01 2.0463440e-01 2.8446670e-01 9.2640220e-02 1.2780210e-01
4.4994189e-01 1.1342120e-01 1.4164270e-01 1.8879060e-01 2.6427750e-01 8.2304220e-02 1.1537540e-01
4.4999457e-01 1.0677040e-01 1.3028040e-01 1.7304080e-01 2.4387250e-01 7.3124930e-02 1.0448300e-01
4.5004678e-01 1.0019870e-01 1.1927890e-01 1.5770130e-01 2.2367660e-01 6.4994660e-02 9.4930940e-02
4.5009853e-01 9.3772450e-02 1.0876810e-01 1.4298720e-01 2.0403770e-01 5.7805260e-02 8.6572020e-02
4.5014982e-01 8.7547600e-02 9.8866210e-02 1.2906930e-01 1.8521190e-01 5.1442440e-02 7.9238820e-02
4.5020064e-01 8.1564350e-02 8.9608810e-02 1.1605980e-01 1.6737670e-01 4.5811920e-02 7.2800860e-02
4.5025101e-01 7.5860910e-02 8.1051170e-02 1.0401210e-01 1.5067160e-01 4.0808670e-02 6.7149880e-02
4.5030091e-01 7.0455100e-02 7.3181260e-02 9.2933990e-02 1.3511960e-01 3.6358290e-02 6.2147090e-02
4.5035035e-01 6.5344350e-02 6.5999750e-02 8.2830060e-02 1.2076130e-01 3.2394810e-02 5.7714010e-02
4.5039934e-01 6.0536910e-02 5.9464860e-02 7.3671110e-02 1.0762880e-01 2.8873720e-02 5.3785250e-02
4.5044786e-01 5.6035820e-02 5.3564360e-02 6.5468570e-02 9.5760740e-02 2.5763500e-02 5.0315420e-02
4.5049592e-01 5.1832560e-02 4.8243140e-02 5.8126700e-02 8.5079460e-02 2.3007070e-02 4.7234610e-02
4.5054352e-01 4.7918970e-02 4.3458540e-02 5.1579510e-02 7.5481930e-02 2.0561850e-02 4.4495140e-02
4.5059065e-01 4.4278270e-02 3.9164330e-02 4.5762180e-02 6.6891910e-02 1.8387280e-02 4.2039410e-02
4.5063733e-01 4.0907070e-02 3.5314040e-02 4.0606670e-02 5.9238030e-02 1.6450290e-02 3.9841820e-02
4.5068355e-01 3.7781850e-02 3.1867730e-02 3.6043010e-02 5.2429180e-02 1.4725730e-02 3.7858100e-02
4.5072931e-01 3.4895630e-02 2.8781490e-02 3.2010150e-02 4.6371440e-02 1.3187120e-02 3.6069600e-02
4.5077461e-01 3.2227200e-02 2.6020510e-02 2.8452340e-02 4.1010030e-02 1.1813910e-02 3.4440280e-02
4.5081945e-01 2.9768430e-02 2.3547560e-02 2.5312270e-02 3.6260610e-02 1.0586010e-02 3.2952060e-02
4.5086382e-01 2.7496720e-02 2.1331140e-02 2.2539760e-02 3.2054250e-02 9.4827250e-03 3.1586240e-02
4.5090774e-01 2.5402230e-02 1.9346660e-02 2.0097870e-02 2.8343620e-02 8.4960340e-03 3.0330030e-02
4.5095120e-01 2.3473820e-02 1.7571970e-02 1.7950900e-02 2.5093190e-02 7.6186730e-03 2.9171190e-02
4.5099421e-01 2.1702350e-02 1.5986100e-02 1.6064830e-02 2.2248410e-02 6.8379440e-03 2.8109450e-02
4.5103675e-01 2.0069090e-02 1.4566100e-02 1.4404760e-02 1.9749580e-02 6.1411540e-03 2.7119560e-02
4.5107883e-01 1.8561970e-02 1.3292070e-02 1.2940560e-02 1.7552830e-02 5.5185340e-03 2.6189340e-02
4.5112045e-01 1.7178790e-02 1.2145650e-02 1.1647680e-02 1.5621840e-02 4.9612490e-03 2.5317680e-02
4.5116162e-01 1.5904930e-02 1.1116420e-02 1.0504380e-02 1.3920450e-02 4.4632130e-03 2.4493100e-02
4.5120233e-01 1.4729530e-02 1.0188690e-02 9.4911920e-03 1.2421330e-02 4.0164810e-03 2.3705730e-02
4.5124258e-01 1.3644800e-02 9.3488280e-03 8.5900720e-03 1.1094260e-02 3.6157640e-03 2.2954830e-02
4.5128237e-01 1.2642290e-02 8.5881490e-03 7.7854400e-03 9.9118360e-03 3.2528430e-03 2.2217460e-02
4.5132170e-01 1.1715730e-02 7.8965900e-03 7.0665660e-03 8.8633540e-03 2.9266790e-03 2.1511550e-02
4.5136057e-01 1.0859630e-02 7.2678420e-03 6.4255380e-03 7.9378080e-03 2.6350230e-03 2.0830140e-02
4.5139899e-01 1.0070090e-02 6.6983580e-03 5.8520840e-03 7.1215140e-03 2.3744630e-03 2.0171640e-02
4.5143694e-01 9.3407560e-03 6.1802190e-03 5.3392180e-03 6.4007050e-03 2.1415940e-03 1.9542190e-02
4.5147445e-01 8.6669170e-03 5.7083190e-03 4.8792920e-03 5.7620190e-03 1.9337030e-03 1.8928320e-02
4.5151149e-01 8.0437750e-03 5.2773100e-03 4.4656740e-03 5.1965940e-03 1.7474350e-03 1.8334430e-02
4.5154807e-01 7.4676570e-03 4.8829720e-03 4.0929430e-03 4.6945320e-03 1.5803100e-03 1.7761460e-02
4.5158420e-01 6.9339640e-03 4.5213920e-03 3.7564420e-03 4.2487720e-03 1.4305610e-03 1.7204170e-02
4.5161987e-01 6.4398320e-03 4.1891990e-03 3.4517500e-03 3.8508430e-03 1.2959850e-03 1.6659080e-02
4.5165509e-01 5.9813080e-03 3.8833200e-03 3.1757710e-03 3.4966600e-03 1.1747790e-03 1.6126180e-02
4.5168984e-01 5.5557490e-03 3.6014440e-03 2.9248640e-03 3.1809110e-03 1.0655130e-03 1.5606200e-02
4.5172414e-01 5.1610390e-03 3.3411880e-03 2.6965330e-03 2.8978610e-03 9.6707250e-04 1.5098190e-02
4.5175798e-01 4.7949530e-03 3.1011000e-03 2.4881170e-03 2.6442990e-03 8.7802800e-04 1.4601600e-02
4.5179137e-01 4.4562670e-03 2.8796950e-03 2.2980520e-03 2.4173250e-03 7.9780960e-04 1.4117670e-02
4.5182430e-01 4.1424250e-03 2.6752790e-03 2.1244800e-03 2.2137710e-03 7.2528260e-04 1.3644690e-02
4.5185677e-01 3.8516040e-03 2.4868080e-03 1.9660550e-03 2.0313610e-03 6.5974020e-04 1.3183150e-02
4.5188879e-01 3.5822700e-03 2.3126530e-03 1.8212080e-03 1.8677560e-03 6.0050260e-04 1.2732840e-02
4.5192035e-01 3.3327230e-03 2.1518360e-03 1.6888300e-03 1.7209430e-03 5.4688340e-04 1.2292200e-02
4.5195145e-01 3.1012800e-03 2.0031600e-03 1.5673660e-03 1.5887750e-03 4.9830600e-04 1.1863230e-02
4.5198210e-01 2.8863060e-03 1.8657250e-03 1.4559850e-03 1.4699260e-03 4.5433430e-04 1.1443570e-02
4.5201229e-01 2.6876450e-03 1.7387330e-03 1.3539640e-03 1.3630170e-03 4.1437220e-04 1.1034130e-02
4.5204202e-01 2.5028510e-03 1.6213500e-03 1.2605620e-03 1.2667490e-03 3.7800410e-04 1.0633240e-02
4.5207130e-01 2.3319780e-03 1.5131810e-03 1.1748010e-03 1.1798030e-03 3.4506020e-04 1.0241720e-02
4.5210013e-01 2.1735520e-03 1.4131100e-03 1.0955530e-03 1.1009460e-03 3.1504270e-04 9.8610290e-03
4.5212850e-01 2.0268460e-03 1.3203520e-03 1.0222220e-03 1.0292680e-03 2.8794910e-04 9.4907720e-03
4.5215641e-01 1.8909790e-03 1.2348530e-03 9.5463050e-04 9.6421230e-04 2.6331700e-04 9.1300970e-03
4.5218386e-01 1.7653520e-03 1.1555950e-03 8.9221790e-04 9.0499990e-04 2.4089620e-04 8.7799730e-03
4.5221087e-01 1.6486760e-03 1.0822600e-03 8.3462380e-04 8.5103440e-04 2.2054880e-04 8.4389730e-03
4.5223741e-01 1.5402730e-03 1.0139580e-03 7.8115440e-04 8.0151790e-04 2.0202690e-04 8.1085780e-03
4.5226350e-01 1.4399880e-03 9.5059340e-04 7.3171210e-04 7.5611850e-04 1.8521740e-04 7.7872450e-03
4.5228914e-01 1.3472410e-03 8.9190230e-04 6.8632610e-04 7.1463110e-04 1.6991950e-04 7.4760860e-03
4.5231432e-01 1.2616400e-03 8.3770000e-04 6.4495450e-04 6.7671080e-04 1.5597270e-04 7.1744480e-03
4.5233904e-01 1.1825260e-03 7.8745900e-04 6.0702610e-04 6.4178950e-04 1.4330850e-04 6.8821650e-03
4.5236331e-01 1.1092900e-03 7.4098410e-04 5.7186550e-04 6.0923000e-04 1.3177320e-04 6.5993460e-03
4.5238713e-01 1.0413510e-03 6.9753490e-04 5.3892490e-04 5.7860030e-04 1.2127730e-04 6.3263160e-03
4.5241049e-01 9.7826300e-04 6.5693040e-04 5.0816440e-04 5.4979240e-04 1.1172330e-04 6.0621610e-03
4.5243340e-01 9.1969160e-04 6.1906680e-04 4.7952240e-04 5.2277150e-04 1.0303730e-04 5.8086760e-03
4.5245585e-01 8.6516790e-04 5.8362950e-04 4.5290820e-04 4.9751360e-04 9.5127830e-05 5.5639230e-03
4.5247784e-01 8.1444640e-04 5.5057700e-04 4.2827770e-04 4.7393790e-04 8.7903370e-05 5.3272670e-03
4.5249938e-01 7.6714190e-04 5.1967070e-04 4.0539380e-04 4.5191640e-04 8.1280990e-05 5.0980120e-03
4.5252047e-01 7.2295940e-04 4.9073250e-04 3.8412930e-04 4.3142800e-04 7.5198200e-05 4.8744780e-03
4.5254111e-01 6.8164330e-04 4.6372210e-04 3.6443690e-04 4.1222410e-04 6.9573370e-05 4.6580350e-03
4.5256128e-01 6.4310740e-04 4.3847320e-04 3.4605450e-04 3.9423430e-04 6.4410870e-05 4.4488210e-03
4.5258101e-01 6.0716510e-04 4.1485690e-04 3.2891590e-04 3.7729200e-04 5.9651950e-05 4.2457160e-03
4.5260028e-01 5.7359940e-04 3.9274550e-04 3.1288670e-04 3.6119750e-04 5.5276240e-05 4.0512440e-03
4.5261909e-01 5.4219430e-04 3.7202280e-04 2.9784370e-04 3.4597570e-04 5.1257170e-05 3.8635940e-03
4.5263745e-01 5.1272910e-04 3.5247990e-04 2.8365520e-04 3.3143190e-04 4.7553680e-05 3.6836650e-03
4.5265536e-01 4.8496050e-04 3.3402540e-04 2.7023310e-04 3.1763760e-04 4.4140880e-05 3.5097310e-03
4.5267282e-01 4.5868040e-04 3.1656360e-04 2.5754110e-04 3.0448370e-04 4.0991140e-05 3.3429400e-03
4.5268982e-01 4.3397320e-04 3.0008500e-04 2.4555730e-04 2.9201850e-04 3.8079160e-05 3.1834650e-03
4.5270636e-01 4.1072680e-04 2.8463000e-04 2.3432030e-04 2.8025550e-04 3.5403410e-05 3.0298590e-03
4.5272245e-01 3.8897930e-04 2.7020410e-04 2.2383540e-04 2.6917750e-04 3.2926680e-05 2.8822000e-03
4.5273809e-01 3.6876780e-04 2.5682920e-04 2.1413460e-04 2.5889530e-04 3.0636160e-05 2.7414550e-03
4.5275327e-01 3.4997370e-04 2.4448050e-04 2.0515390e-04 2.4928180e-04 2.8522250e-05 2.6055650e-03
4.5276800e-01 3.3251590e-04 2.3305580e-04 1.9677960e-04 2.4026080e-04 2.6568870e-05 2.4765450e-03
4.5278228e-01 3.1619640e-04 2.2247050e-04 1.8889040e-04 2.3165710e-04 2.4757070e-05 2.3524960e-03
4.5279610e-01 3.0095610e-04 2.1264220e-04 1.8136390e-04 2.2341410e-04 2.3085130e-05 2.2337350e-03
4.5280947e-01 2.8659070e-04 2.0349000e-04 1.7410010e-04 2.1538850e-04 2.1524380e-05 2.1200430e-03
4.5282239e-01 2.7305680e-04 1.9494510e-04 1.6698470e-04 2.0745650e-04 2.0071640e-05 2.0105830e-03
4.5283485e-01 2.6014910e-04 1.8688040e-04 1.5998440e-04 1.9964320e-04 1.8715430e-05 1.9060730e-03
4.5284686e-01 2.4789480e-04 1.7926870e-04 1.5310050e-04 1.9188240e-04 1.7448780e-05 1.8054400e-03
4.5285842e-01 2.3619450e-04 1.7199960e-04 1.4633980e-04 1.8423840e-04 1.6262360e-05 1.7091310e-03
4.5286952e-01 2.2493770e-04 1.6501730e-04 1.3968250e-04 1.7661330e-04 1.5155640e-05 1.6161920e-03
4.5288017e-01 2.1408670e-04 1.5822280e-04 1.3311920e-04 1.6903070e-04 1.4114490e-05 1.5265800e-03
4.5289036e-01 2.0354440e-04 1.5154510e-04 1.2666120e-04 1.6153360e-04 1.3131220e-05 1.4400210e-03
4.5290010e-01 1.9322060e-04 1.4490930e-04 1.2028890e-04 1.5401930e-04 1.2203950e-05 1.3562770e-03
4.5290939e-01 1.8306340e-04 1.3826420e-04 1.1400270e-04 1.4652850e-04 1.1322680e-05 1.2751510e-03
4.5291823e-01 1.7301820e-04 1.3156700e-04 1.0779730e-04 1.3908950e-04 1.0485700e-05 1.1964710e-03
4.5292661e-01 1.6315100e-04 1.2484200e-04 1.0166760e-04 1.3165100e-04 9.6904430e-06 1.1200380e-03
4.5293454e-01 1.5339400e-04 1.1807210e-04 9.5618880e-05 1.2424420e-04 8.9336170e-06 1.0457840e-03
4.5294201e-01 1.4374510e-04 1.1128450e-04 8.9630530e-05 1.1683900e-04 8.2158960e-06 9.7361280e-04
4.5294903e-01 1.3423960e-04 1.0446870e-04 8.3720740e-05 1.0946380e-04 7.5320050e-06 9.0337420e-04
4.5295560e-01 1.2482540e-04 9.7618200e-05 7.7857560e-05 1.0209610e-04 6.8811980e-06 8.3494320e-04
4.5296172e-01 1.1551750e-04 9.0748100e-05 7.2060530e-05 9.4749030e-05 6.2619390e-06 7.6825900e-04
4.5296738e-01 1.0630090e-04 8.3852640e-05 6.6313850e-05 8.7409910e-05 5.6706030e-06 7.0312590e-04
4.5297259e-01 9.7172080e-05 7.6949340e-05 6.0615200e-05 8.0078100e-05 5.1045650e-06 6.3938020e-04
4.5297735e-01 8.8121520e-05 7.0009170e-05 5.4960100e-05 7.2764420e-05 4.5647270e-06 5.7699540e-04
4.5298165e-01 7.9146360e-05 6.3062870e-05 4.9346870e-05 6.5464380e-05 4.0452170e-06 5.1583720e-04
4.5298550e-01 7.0235130e-05 5.6099240e-05 4.3773460e-05 5.8158470e-05 3.5462680e-06 4.5581330e-04
4.5298890e-01 6.1375710e-05 4.9121570e-05 3.8228540e-05 5.0870580e-05 3.0647330e-06 3.9666120e-04
4.5299185e-01 5.2571680e-05 4.2123870e-05 3.2715540e-05 4.3596200e-05 2.5980090e-06 3.3847920e-04
4.5299434e-01 4.3805850e-05 3.5119700e-05 2.7225810e-05 3.6318800e-05 2.1450390e-06 2.8095300e-04
4.5299638e-01 3.5082730e-05 2.8106560e-05 2.1756240e-05 2.9047660e-05 1.7027880e-06 2.2404610e-04
4.5299796e-01 2.6384270e-05 2.1085440e-05 1.6302840e-05 2.1782580e-05 1.2694840e-06 1.6759050e-04
4.5299909e-01 1.7705930e-05 1.4060310e-05 1.0861470e-05 1.4519970e-05 8.4265060e-07 1.1152510e-04
4.5299977e-01 9.0451770e-06 7.0309270e-06 5.4289810e-06 7.2597990e-06 4.2021070e-07 5.5700260e-05
4.5300000e-01 3.9075660e-07 0.0000000e+00 0.0000000e+00 0.0000000e+00 0.0000000e+00 0.0000000e+00
