   r(mas)        I/I0_B        I/I0_V        I/I0_R        I/I0_I        I/I0_H        I/I0_K
0.0000000e+00 1.0000000e+00 1.0000000e+00 1.0000000e+00 1.0000000e+00 1.0000000e+00 1.0000000e+00
4.1021588e-02 1.0000000e+00 1.0000000e+00 1.0000000e+00 1.0000000e+00 1.0000000e+00 1.0000000e+00
5.7998774e-02 9.9897890e-01 9.9917670e-01 9.9931710e-01 9.9948590e-01 9.9973740e-01 9.9978540e-01
7.1015922e-02 9.9791120e-01 9.9833030e-01 9.9866010e-01 9.9900110e-01 9.9957280e-01 9.9950710e-01
8.1981590e-02 9.9686570e-01 9.9754980e-01 9.9804870e-01 9.9848710e-01 9.9919210e-01 9.9932670e-01
9.1635241e-02 9.9577040e-01 9.9679820e-01 9.9730470e-01 9.9788580e-01 9.9893320e-01 9.9910780e-01
1.0035622e-01 9.9470310e-01 9.9594830e-01 9.9659220e-01 9.9735190e-01 9.9870320e-01 9.9891290e-01
1.0836992e-01 9.9362030e-01 9.9508580e-01 9.9591640e-01 9.9684070e-01 9.9843250e-01 9.9856790e-01
1.1582325e-01 9.9253350e-01 9.9414310e-01 9.9525440e-01 9.9628340e-01 9.9821010e-01 9.9842490e-01
1.2281826e-01 9.9147450e-01 9.9340750e-01 9.9464420e-01 9.9579630e-01 9.9796540e-01 9.9828340e-01
1.2942930e-01 9.9041650e-01 9.9266160e-01 9.9398340e-01 9.9525410e-01 9.9759300e-01 9.9794160e-01
1.3571249e-01 9.8933380e-01 9.9172680e-01 9.9327650e-01 9.9466810e-01 9.9738360e-01 9.9788500e-01
1.4171143e-01 9.8825710e-01 9.9095300e-01 9.9258270e-01 9.9418790e-01 9.9717190e-01 9.9747180e-01
1.4746083e-01 9.8718510e-01 9.9016570e-01 9.9189710e-01 9.9362800e-01 9.9686250e-01 9.9734740e-01
1.5298883e-01 9.8613300e-01 9.8936260e-01 9.9129030e-01 9.9308400e-01 9.9660400e-01 9.9707400e-01
1.5831861e-01 9.8507410e-01 9.8857950e-01 9.9057860e-01 9.9254430e-01 9.9631840e-01 9.9679850e-01
1.6346956e-01 9.8400130e-01 9.8779150e-01 9.8993100e-01 9.9205950e-01 9.9615690e-01 9.9673670e-01
1.6845810e-01 9.8294240e-01 9.8697970e-01 9.8929330e-01 9.9152370e-01 9.9580310e-01 9.9641930e-01
1.7329824e-01 9.8187440e-01 9.8610410e-01 9.8857910e-01 9.9100960e-01 9.9551420e-01 9.9618790e-01
1.7800209e-01 9.8079510e-01 9.8523500e-01 9.8788250e-01 9.9048290e-01 9.9534580e-01 9.9594210e-01
1.8258019e-01 9.7974390e-01 9.8446070e-01 9.8718970e-01 9.9000100e-01 9.9500130e-01 9.9580860e-01
1.8704178e-01 9.7868060e-01 9.8364670e-01 9.8659420e-01 9.8952130e-01 9.9476270e-01 9.9547390e-01
1.9139499e-01 9.7760210e-01 9.8286210e-01 9.8596280e-01 9.8885800e-01 9.9454480e-01 9.9525030e-01
1.9564706e-01 9.7651830e-01 9.8204320e-01 9.8523620e-01 9.8828000e-01 9.9419690e-01 9.9508250e-01
1.9980445e-01 9.7548740e-01 9.8124190e-01 9.8449710e-01 9.8770150e-01 9.9404050e-01 9.9493830e-01
2.0387296e-01 9.7440110e-01 9.8041820e-01 9.8383160e-01 9.8717430e-01 9.9369640e-01 9.9460330e-01
2.0785780e-01 9.7333250e-01 9.7960250e-01 9.8320990e-01 9.8669470e-01 9.9340440e-01 9.9440490e-01
2.1176369e-01 9.7227640e-01 9.7875020e-01 9.8261630e-01 9.8621500e-01 9.9320000e-01 9.9426340e-01
2.1559493e-01 9.7121830e-01 9.7791540e-01 9.8189700e-01 9.8570090e-01 9.9293030e-01 9.9392570e-01
2.1935543e-01 9.7012500e-01 9.7704210e-01 9.8113140e-01 9.8513440e-01 9.9267530e-01 9.9381070e-01
2.2304876e-01 9.6907620e-01 9.7629740e-01 9.8050760e-01 9.8465470e-01 9.9243350e-01 9.9353520e-01
2.2667821e-01 9.6801990e-01 9.7556910e-01 9.7989640e-01 9.8407640e-01 9.9205270e-01 9.9337680e-01
2.3024680e-01 9.6695720e-01 9.7479260e-01 9.7922620e-01 9.8351410e-01 9.9187820e-01 9.9308300e-01
2.3375732e-01 9.6589260e-01 9.7391720e-01 9.7848190e-01 9.8300350e-01 9.9166880e-01 9.9285760e-01
2.3721235e-01 9.6480040e-01 9.7304310e-01 9.7788400e-01 9.8251210e-01 9.9128940e-01 9.9272580e-01
2.4061427e-01 9.6373490e-01 9.7218570e-01 9.7714250e-01 9.8199290e-01 9.9103770e-01 9.9232420e-01
2.4396530e-01 9.6270430e-01 9.7145720e-01 9.7653190e-01 9.8145370e-01 9.9083080e-01 9.9221060e-01
2.4726753e-01 9.6163090e-01 9.7061490e-01 9.7580280e-01 9.8086640e-01 9.9060200e-01 9.9203450e-01
2.5052287e-01 9.6058330e-01 9.6982440e-01 9.7519480e-01 9.8033740e-01 9.9027210e-01 9.9173000e-01
2.5373313e-01 9.5952000e-01 9.6908040e-01 9.7454150e-01 9.7982400e-01 9.8999120e-01 9.9160000e-01
2.5690000e-01 9.5843350e-01 9.6823740e-01 9.7385180e-01 9.7934430e-01 9.8981470e-01 9.9129210e-01
2.6002507e-01 9.5736760e-01 9.6742000e-01 9.7319190e-01 9.7883210e-01 9.8947170e-01 9.9102650e-01
2.6310982e-01 9.5631140e-01 9.6650020e-01 9.7244130e-01 9.7821870e-01 9.8921620e-01 9.9085970e-01
2.6615566e-01 9.5526830e-01 9.6570960e-01 9.7183110e-01 9.7768190e-01 9.8897530e-01 9.9062870e-01
2.6916391e-01 9.5418170e-01 9.6488060e-01 9.7119190e-01 9.7713520e-01 9.8870220e-01 9.9043220e-01
2.7213582e-01 9.5317580e-01 9.6414590e-01 9.7053880e-01 9.7663920e-01 9.8846520e-01 9.9003440e-01
2.7507256e-01 9.5209330e-01 9.6333520e-01 9.6982890e-01 9.7614780e-01 9.8817580e-01 9.9003440e-01
2.7797525e-01 9.5102990e-01 9.6246590e-01 9.6909900e-01 9.7566810e-01 9.8785580e-01 9.8980900e-01
2.8084494e-01 9.4996330e-01 9.6173240e-01 9.6852890e-01 9.7515520e-01 9.8770760e-01 9.8944020e-01
2.8368263e-01 9.4891650e-01 9.6093140e-01 9.6783340e-01 9.7457050e-01 9.8744400e-01 9.8935690e-01
2.8648928e-01 9.4783390e-01 9.6012560e-01 9.6722690e-01 9.7397430e-01 9.8706330e-01 9.8900010e-01
2.8926579e-01 9.4679600e-01 9.5921850e-01 9.6643090e-01 9.7341340e-01 9.8693870e-01 9.8886670e-01
2.9201302e-01 9.4573280e-01 9.5844390e-01 9.6581020e-01 9.7291560e-01 9.8658490e-01 9.8870980e-01
2.9473179e-01 9.4470940e-01 9.5769490e-01 9.6518450e-01 9.7243590e-01 9.8635170e-01 9.8837220e-01
2.9742288e-01 9.4362330e-01 9.5675630e-01 9.6453210e-01 9.7195620e-01 9.8604730e-01 9.8813630e-01
3.0008703e-01 9.4257780e-01 9.5594770e-01 9.6380340e-01 9.7137630e-01 9.8579470e-01 9.8803440e-01
3.0272495e-01 9.4156720e-01 9.5520270e-01 9.6308920e-01 9.7086340e-01 9.8561550e-01 9.8764180e-01
3.0533733e-01 9.4046810e-01 9.5442230e-01 9.6248150e-01 9.7035050e-01 9.8523470e-01 9.8754210e-01
3.0792481e-01 9.3939960e-01 9.5369440e-01 9.6186430e-01 9.6978420e-01 9.8497980e-01 9.8736380e-01
3.1048802e-01 9.3835060e-01 9.5278570e-01 9.6121000e-01 9.6927140e-01 9.8477960e-01 9.8704760e-01
3.1302755e-01 9.3730470e-01 9.5191730e-01 9.6049990e-01 9.6879170e-01 9.8444360e-01 9.8690460e-01
3.1554398e-01 9.3624970e-01 9.5110450e-01 9.5977170e-01 9.6824870e-01 9.8423050e-01 9.8664990e-01
3.1803785e-01 9.3520270e-01 9.5032350e-01 9.5910310e-01 9.6768940e-01 9.8393090e-01 9.8643690e-01
3.2050969e-01 9.3413110e-01 9.4950190e-01 9.5853600e-01 9.6717980e-01 9.8370260e-01 9.8611000e-01
3.2296000e-01 9.3309730e-01 9.4871020e-01 9.5784040e-01 9.6670020e-01 9.8348050e-01 9.8596010e-01
3.2538928e-01 9.3203400e-01 9.4787660e-01 9.5720130e-01 9.6611700e-01 9.8313500e-01 9.8572300e-01
3.2779798e-01 9.3098210e-01 9.4706430e-01 9.5647590e-01 9.6560360e-01 9.8290390e-01 9.8549930e-01
3.3018657e-01 9.2994860e-01 9.4624220e-01 9.5583750e-01 9.6507500e-01 9.8270800e-01 9.8531310e-01
3.3255547e-01 9.2889660e-01 9.4540310e-01 9.5521490e-01 9.6450900e-01 9.8236110e-01 9.8497120e-01
3.3490510e-01 9.2783540e-01 9.4460480e-01 9.5447560e-01 9.6395360e-01 9.8204040e-01 9.8490510e-01
3.3723586e-01 9.2679980e-01 9.4387110e-01 9.5388740e-01 9.6343040e-01 9.8191300e-01 9.8468990e-01
3.3954814e-01 9.2574970e-01 9.4312200e-01 9.5320530e-01 9.6295070e-01 9.8159550e-01 9.8437700e-01
3.4184233e-01 9.2470380e-01 9.4231180e-01 9.5252240e-01 9.6242170e-01 9.8134600e-01 9.8409570e-01
3.4411877e-01 9.2366540e-01 9.4153070e-01 9.5185600e-01 9.6191590e-01 9.8106430e-01 9.8401450e-01
3.4637782e-01 9.2265400e-01 9.4081450e-01 9.5117020e-01 9.6140470e-01 9.8072020e-01 9.8373000e-01
3.4861982e-01 9.2158550e-01 9.3993130e-01 9.5059440e-01 9.6089180e-01 9.8055260e-01 9.8356750e-01
3.5084509e-01 9.2052450e-01 9.3903530e-01 9.4992390e-01 9.6037300e-01 9.8025300e-01 9.8328680e-01
3.5305395e-01 9.1951030e-01 9.3823820e-01 9.4924300e-01 9.5985900e-01 9.8000350e-01 9.8305240e-01
3.5524671e-01 9.1845220e-01 9.3742600e-01 9.4855770e-01 9.5931690e-01 9.7970510e-01 9.8283930e-01
3.5742366e-01 9.1742050e-01 9.3662610e-01 9.4785360e-01 9.5875930e-01 9.7945360e-01 9.8260920e-01
3.5958509e-01 9.1638670e-01 9.3590040e-01 9.4724700e-01 9.5822310e-01 9.7921240e-01 9.8245820e-01
3.6173128e-01 9.1536950e-01 9.3517090e-01 9.4662120e-01 9.5765460e-01 9.7890290e-01 9.8214800e-01
3.6386250e-01 9.1431390e-01 9.3443590e-01 9.4600900e-01 9.5717270e-01 9.7864690e-01 9.8201500e-01
3.6597901e-01 9.1328740e-01 9.3349610e-01 9.4525250e-01 9.5662000e-01 9.7843620e-01 9.8168870e-01
3.6808106e-01 9.1227230e-01 9.3269580e-01 9.4452930e-01 9.5608210e-01 9.7813630e-01 9.8148680e-01
3.7016890e-01 9.1122870e-01 9.3196360e-01 9.4389810e-01 9.5556920e-01 9.7789820e-01 9.8137230e-01
3.7224276e-01 9.1018410e-01 9.3115740e-01 9.4328370e-01 9.5504020e-01 9.7759800e-01 9.8102760e-01
3.7430289e-01 9.0916300e-01 9.3042910e-01 9.4268360e-01 9.5452900e-01 9.7733210e-01 9.8082340e-01
3.7634951e-01 9.0812440e-01 9.2958450e-01 9.4202070e-01 9.5399070e-01 9.7709600e-01 9.8069680e-01
3.7838283e-01 9.0707270e-01 9.2865900e-01 9.4128170e-01 9.5351100e-01 9.7682920e-01 9.8028350e-01
3.8040307e-01 9.0605440e-01 9.2787650e-01 9.4065800e-01 9.5299740e-01 9.7649400e-01 9.8022920e-01
3.8241043e-01 9.0501500e-01 9.2705150e-01 9.3995720e-01 9.5244630e-01 9.7631700e-01 9.7984340e-01
3.8440513e-01 9.0402560e-01 9.2632020e-01 9.3935780e-01 9.5193540e-01 9.7602920e-01 9.7971000e-01
3.8638734e-01 9.0299020e-01 9.2556680e-01 9.3868790e-01 9.5141040e-01 9.7568510e-01 9.7947040e-01
3.8835728e-01 9.0196290e-01 9.2479610e-01 9.3806490e-01 9.5086530e-01 9.7547900e-01 9.7911580e-01
3.9031511e-01 9.0091210e-01 9.2399870e-01 9.3736120e-01 9.5032380e-01 9.7518790e-01 9.7911580e-01
3.9226103e-01 8.9989340e-01 9.2313350e-01 9.3669920e-01 9.4984140e-01 9.7491960e-01 9.7887770e-01
3.9419520e-01 8.9886940e-01 9.2240250e-01 9.3607910e-01 9.4929050e-01 9.7471570e-01 9.7856690e-01
3.9611781e-01 8.9785140e-01 9.2162530e-01 9.3538660e-01 9.4875090e-01 9.7442220e-01 9.7830420e-01
3.9802901e-01 8.9685690e-01 9.2079550e-01 9.3474470e-01 9.4823680e-01 9.7412940e-01 9.7820280e-01
3.9992898e-01 8.9581660e-01 9.2001720e-01 9.3411020e-01 9.4775710e-01 9.7379120e-01 9.7783650e-01
4.0181787e-01 8.9479950e-01 9.1918110e-01 9.3341300e-01 9.4719660e-01 9.7364820e-01 9.7771000e-01
4.0369583e-01 8.9378970e-01 9.1839540e-01 9.3277260e-01 9.4666740e-01 9.7337100e-01 9.7753380e-01
4.0556302e-01 8.9277970e-01 9.1763570e-01 9.3211360e-01 9.4618730e-01 9.7306260e-01 9.7724230e-01
4.0741959e-01 8.9176570e-01 9.1687010e-01 9.3148220e-01 9.4570760e-01 9.7287020e-01 9.7709930e-01
4.0926568e-01 8.9075660e-01 9.1612400e-01 9.3082860e-01 9.4513520e-01 9.7260530e-01 9.7681990e-01
4.1110144e-01 8.8970730e-01 9.1525660e-01 9.3020770e-01 9.4461940e-01 9.7225150e-01 9.7655050e-01
4.1292699e-01 8.8868590e-01 9.1437330e-01 9.2953700e-01 9.4410540e-01 9.7201210e-01 9.7630470e-01
4.1474248e-01 8.8768400e-01 9.1362690e-01 9.2887750e-01 9.4357870e-01 9.7180110e-01 9.7620920e-01
4.1654803e-01 8.8665820e-01 9.1278040e-01 9.2817600e-01 9.4302640e-01 9.7141940e-01 9.7597850e-01
4.1834378e-01 8.8565160e-01 9.1204490e-01 9.2752790e-01 9.4251690e-01 9.7126290e-01 9.7569410e-01
4.2012985e-01 8.8468040e-01 9.1132050e-01 9.2694590e-01 9.4206130e-01 9.7099090e-01 9.7548100e-01
4.2190637e-01 8.8365700e-01 9.1052380e-01 9.2626450e-01 9.4153600e-01 9.7069950e-01 9.7522030e-01
4.2367345e-01 8.8264570e-01 9.0979830e-01 9.2567090e-01 9.4102770e-01 9.7045870e-01 9.7502080e-01
4.2543121e-01 8.8163550e-01 9.0901970e-01 9.2495820e-01 9.4048550e-01 9.7011660e-01 9.7480340e-01
4.2717976e-01 8.8061070e-01 9.0817080e-01 9.2433360e-01 9.3991770e-01 9.6990230e-01 9.7462600e-01
4.2891923e-01 8.7959190e-01 9.0731370e-01 9.2362020e-01 9.3938940e-01 9.6963180e-01 9.7427610e-01
4.3064971e-01 8.7861050e-01 9.0658240e-01 9.2301710e-01 9.3887580e-01 9.6933920e-01 9.7412850e-01
4.3237133e-01 8.7760510e-01 9.0580900e-01 9.2235810e-01 9.3839610e-01 9.6905490e-01 9.7397900e-01
4.3408417e-01 8.7660000e-01 9.0497830e-01 9.2173330e-01 9.3791590e-01 9.6876550e-01 9.7363570e-01
4.3578835e-01 8.7559360e-01 9.0418190e-01 9.2104090e-01 9.3740230e-01 9.6854580e-01 9.7348150e-01
4.3748397e-01 8.7457290e-01 9.0344330e-01 9.2043100e-01 9.3685920e-01 9.6828800e-01 9.7314120e-01
4.3917113e-01 8.7358690e-01 9.0272040e-01 9.1979290e-01 9.3634280e-01 9.6798580e-01 9.7308840e-01
4.4084992e-01 8.7259680e-01 9.0193310e-01 9.1913130e-01 9.3578520e-01 9.6775200e-01 9.7287090e-01
4.4252044e-01 8.7158690e-01 9.0120560e-01 9.1849600e-01 9.3529000e-01 9.6752140e-01 9.7254690e-01
4.4418278e-01 8.7060220e-01 9.0048380e-01 9.1784520e-01 9.3477640e-01 9.6719560e-01 9.7239710e-01
4.4583703e-01 8.6958320e-01 8.9955340e-01 9.1716180e-01 9.3426490e-01 9.6691990e-01 9.7212850e-01
4.4748329e-01 8.6863080e-01 8.9881370e-01 9.1655310e-01 9.3374980e-01 9.6664340e-01 9.7188350e-01
4.4912164e-01 8.6762940e-01 8.9806520e-01 9.1589420e-01 9.3319410e-01 9.6637510e-01 9.7173590e-01
4.5075217e-01 8.6661800e-01 8.9733830e-01 9.1527750e-01 9.3271440e-01 9.6617890e-01 9.7148580e-01
4.5237495e-01 8.6560910e-01 8.9652040e-01 9.1454060e-01 9.3219810e-01 9.6585320e-01 9.7120860e-01
4.5399009e-01 8.6464890e-01 8.9570980e-01 9.1388770e-01 9.3165540e-01 9.6552320e-01 9.7099130e-01
4.5559765e-01 8.6362610e-01 8.9490760e-01 9.1329240e-01 9.3108000e-01 9.6541430e-01 9.7081250e-01
4.5719772e-01 8.6262320e-01 8.9408880e-01 9.1268470e-01 9.3056640e-01 9.6507830e-01 9.7047820e-01
4.5879037e-01 8.6161680e-01 8.9334530e-01 9.1205630e-01 9.3008670e-01 9.6478310e-01 9.7039700e-01
4.6037568e-01 8.6069600e-01 8.9260050e-01 9.1136720e-01 9.2960700e-01 9.6444490e-01 9.7004780e-01
4.6195373e-01 8.5966180e-01 8.9177880e-01 9.1069860e-01 9.2906200e-01 9.6428010e-01 9.6982350e-01
4.6352460e-01 8.5866150e-01 8.9096130e-01 9.0999030e-01 9.2855080e-01 9.6401980e-01 9.6971950e-01
4.6508834e-01 8.5765190e-01 8.9017980e-01 9.0937860e-01 9.2800090e-01 9.6368160e-01 9.6940080e-01
4.6664505e-01 8.5669490e-01 8.8945540e-01 9.0881340e-01 9.2752130e-01 9.6338900e-01 9.6921290e-01
4.6819478e-01 8.5569910e-01 8.8872080e-01 9.0817970e-01 9.2700100e-01 9.6317850e-01 9.6899330e-01
4.6973760e-01 8.5467760e-01 8.8794690e-01 9.0745670e-01 9.2648030e-01 9.6291370e-01 9.6867300e-01
4.7127359e-01 8.5375350e-01 8.8722240e-01 9.0685840e-01 9.2596670e-01 9.6267510e-01 9.6849890e-01
4.7280280e-01 8.5274540e-01 8.8646680e-01 9.0625170e-01 9.2548700e-01 9.6234230e-01 9.6830200e-01
4.7432532e-01 8.5173020e-01 8.8566150e-01 9.0549950e-01 9.2487770e-01 9.6207550e-01 9.6795900e-01
4.7584119e-01 8.5076300e-01 8.8480250e-01 9.0489380e-01 9.2439760e-01 9.6183610e-01 9.6790470e-01
4.7735048e-01 8.4978400e-01 8.8400030e-01 9.0426280e-01 9.2394480e-01 9.6157120e-01 9.6759450e-01
4.7885326e-01 8.4875730e-01 8.8324480e-01 9.0358650e-01 9.2343010e-01 9.6123520e-01 9.6736480e-01
4.8034959e-01 8.4778850e-01 8.8246470e-01 9.0290690e-01 9.2291600e-01 9.6098090e-01 9.6713430e-01
4.8183952e-01 8.4683000e-01 8.8174630e-01 9.0232790e-01 9.2242090e-01 9.6076700e-01 9.6693340e-01
4.8332312e-01 8.4584520e-01 8.8106350e-01 9.0173790e-01 9.2179770e-01 9.6038630e-01 9.6675420e-01
4.8480044e-01 8.4482920e-01 8.8020570e-01 9.0109570e-01 9.2125530e-01 9.6017670e-01 9.6639350e-01
4.8627154e-01 8.4385480e-01 8.7937200e-01 9.0042640e-01 9.2071020e-01 9.5993130e-01 9.6632270e-01
4.8773648e-01 8.4287030e-01 8.7854540e-01 8.9965910e-01 9.2023000e-01 9.5964750e-01 9.6595960e-01
4.8919531e-01 8.4189880e-01 8.7779170e-01 8.9902540e-01 9.1975030e-01 9.5937250e-01 9.6578290e-01
4.9064808e-01 8.4091740e-01 8.7705810e-01 8.9840600e-01 9.1926550e-01 9.5908940e-01 9.6567570e-01
4.9209486e-01 8.3994000e-01 8.7627210e-01 8.9782400e-01 9.1871850e-01 9.5886960e-01 9.6525470e-01
4.9353569e-01 8.3897840e-01 8.7549420e-01 8.9717330e-01 9.1822340e-01 9.5848880e-01 9.6513580e-01
4.9497063e-01 8.3800200e-01 8.7474760e-01 8.9650600e-01 9.1770980e-01 9.5832290e-01 9.6491750e-01
4.9639972e-01 8.3701440e-01 8.7402300e-01 8.9591080e-01 9.1719860e-01 9.5802170e-01 9.6460770e-01
4.9782302e-01 8.3602900e-01 8.7309930e-01 8.9513420e-01 9.1664540e-01 9.5772550e-01 9.6445830e-01
4.9924058e-01 8.3502190e-01 8.7238190e-01 8.9454640e-01 9.1613200e-01 9.5742120e-01 9.6418130e-01
5.0065244e-01 8.3405350e-01 8.7164670e-01 8.9391090e-01 9.1565240e-01 9.5722830e-01 9.6399700e-01
5.0205865e-01 8.3308090e-01 8.7092330e-01 8.9332700e-01 9.1513570e-01 9.5688050e-01 9.6378340e-01
5.0345926e-01 8.3210590e-01 8.7011100e-01 8.9258690e-01 9.1462160e-01 9.5654310e-01 9.6343870e-01
5.0485432e-01 8.3113530e-01 8.6939570e-01 8.9202140e-01 9.1412430e-01 9.5637380e-01 9.6333590e-01
5.0624388e-01 8.3014460e-01 8.6863810e-01 8.9132130e-01 9.1353450e-01 9.5611600e-01 9.6305940e-01
5.0762797e-01 8.2919840e-01 8.6784480e-01 8.9070400e-01 9.1302330e-01 9.5577990e-01 9.6279600e-01
5.0900664e-01 8.2821970e-01 8.6704230e-01 8.9006100e-01 9.1242020e-01 9.5548380e-01 9.6259180e-01
5.1037994e-01 8.2725290e-01 8.6630870e-01 8.8944530e-01 9.1191490e-01 9.5523830e-01 9.6239830e-01
5.1174791e-01 8.2626060e-01 8.6550590e-01 8.8872900e-01 9.1143480e-01 9.5494090e-01 9.6213250e-01
5.1311059e-01 8.2526880e-01 8.6478630e-01 8.8809790e-01 9.1095510e-01 9.5470980e-01 9.6191640e-01
5.1446803e-01 8.2429120e-01 8.6402290e-01 8.8742630e-01 9.1047030e-01 9.5442590e-01 9.6165580e-01
5.1582026e-01 8.2333350e-01 8.6329390e-01 8.8679250e-01 9.0992300e-01 9.5412810e-01 9.6137650e-01
5.1716733e-01 8.2236190e-01 8.6248560e-01 8.8619720e-01 9.0936240e-01 9.5384380e-01 9.6118600e-01
5.1850928e-01 8.2136300e-01 8.6166910e-01 8.8558680e-01 9.0883690e-01 9.5356080e-01 9.6106150e-01
5.1984614e-01 8.2042090e-01 8.6084960e-01 8.8485700e-01 9.0832330e-01 9.5328780e-01 9.6069890e-01
5.2117796e-01 8.1944580e-01 8.5998160e-01 8.8420720e-01 9.0784360e-01 9.5298570e-01 9.6059180e-01
5.2250477e-01 8.1846840e-01 8.5924680e-01 8.8352910e-01 9.0733790e-01 9.5276550e-01 9.6022210e-01
5.2382662e-01 8.1748310e-01 8.5853050e-01 8.8296000e-01 9.0682560e-01 9.5243810e-01 9.6007260e-01
5.2514353e-01 8.1654820e-01 8.5779870e-01 8.8228130e-01 9.0627550e-01 9.5211830e-01 9.5990200e-01
5.2645555e-01 8.1554740e-01 8.5695580e-01 8.8163470e-01 9.0576430e-01 9.5189110e-01 9.5951430e-01
5.2776272e-01 8.1457100e-01 8.5623980e-01 8.8102480e-01 9.0523530e-01 9.5164700e-01 9.5946190e-01
5.2906506e-01 8.1360800e-01 8.5540370e-01 8.8034950e-01 9.0467000e-01 9.5137960e-01 9.5902620e-01
5.3036262e-01 8.1260970e-01 8.5461760e-01 8.7964800e-01 9.0413870e-01 9.5104140e-01 9.5886770e-01
5.3165543e-01 8.1165740e-01 8.5389370e-01 8.7904740e-01 9.0363050e-01 9.5066060e-01 9.5866890e-01
5.3294352e-01 8.1066500e-01 8.5317740e-01 8.7845340e-01 9.0315160e-01 9.5053930e-01 9.5841560e-01
5.3422693e-01 8.0970370e-01 8.5241280e-01 8.7774200e-01 9.0263490e-01 9.5024890e-01 9.5815380e-01
5.3550570e-01 8.0873640e-01 8.5162500e-01 8.7712890e-01 9.0208930e-01 9.4986720e-01 9.5789640e-01
5.3677984e-01 8.0774900e-01 8.5078900e-01 8.7648420e-01 9.0156180e-01 9.4959900e-01 9.5775600e-01
5.3804941e-01 8.0680380e-01 8.5000890e-01 8.7577600e-01 9.0103410e-01 9.4936380e-01 9.5746190e-01
5.3931443e-01 8.0582460e-01 8.4922860e-01 8.7517930e-01 9.0051430e-01 9.4908990e-01 9.5724940e-01
5.4057493e-01 8.0485800e-01 8.4845390e-01 8.7449730e-01 9.0003460e-01 9.4879950e-01 9.5716600e-01
5.4183094e-01 8.0389650e-01 8.4771700e-01 8.7386420e-01 8.9952400e-01 9.4851550e-01 9.5665520e-01
5.4308250e-01 8.0293770e-01 8.4696950e-01 8.7319020e-01 8.9901060e-01 9.4822350e-01 9.5657180e-01
5.4432964e-01 8.0194400e-01 8.4615880e-01 8.7256020e-01 8.9846870e-01 9.4789360e-01 9.5637700e-01
5.4557238e-01 8.0095810e-01 8.4542780e-01 8.7192680e-01 8.9795460e-01 9.4769090e-01 9.5597760e-01
5.4681076e-01 8.0000620e-01 8.4464970e-01 8.7127240e-01 8.9742560e-01 9.4740300e-01 9.5592480e-01
5.4804480e-01 7.9902980e-01 8.4377060e-01 8.7055950e-01 8.9682810e-01 9.4711870e-01 9.5550380e-01
5.4927454e-01 7.9807890e-01 8.4304300e-01 8.6993190e-01 8.9631990e-01 9.4681750e-01 9.5538340e-01
5.5050000e-01 7.9709110e-01 8.4226120e-01 8.6928040e-01 8.9579000e-01 9.4643590e-01 9.5508540e-01
5.5172121e-01 7.9612290e-01 8.4154360e-01 8.6865060e-01 8.9530750e-01 9.4623410e-01 9.5490960e-01
5.5293821e-01 7.9515350e-01 8.4081650e-01 8.6805290e-01 8.9478460e-01 9.4598550e-01 9.5463870e-01
5.5415101e-01 7.9417490e-01 8.3993700e-01 8.6730040e-01 8.9420660e-01 9.4567030e-01 9.5441210e-01
5.5535965e-01 7.9324680e-01 8.3921260e-01 8.6672910e-01 8.9369260e-01 9.4542940e-01 9.5424610e-01
5.5656415e-01 7.9226070e-01 8.3848620e-01 8.6604840e-01 8.9313270e-01 9.4504770e-01 9.5391760e-01
5.5776454e-01 7.9126380e-01 8.3765270e-01 8.6535550e-01 8.9265300e-01 9.4478330e-01 9.5368780e-01
5.5896085e-01 7.9032260e-01 8.3690740e-01 8.6470750e-01 8.9217330e-01 9.4453380e-01 9.5350380e-01
5.6015310e-01 7.8933360e-01 8.3610090e-01 8.6408160e-01 8.9163030e-01 9.4420640e-01 9.5325420e-01
5.6134132e-01 7.8837500e-01 8.3531350e-01 8.6339340e-01 8.9114400e-01 9.4390770e-01 9.5294540e-01
5.6252553e-01 7.8741300e-01 8.3450930e-01 8.6280090e-01 8.9057000e-01 9.4365100e-01 9.5271430e-01
5.6370576e-01 7.8642700e-01 8.3373810e-01 8.6211730e-01 8.9003080e-01 9.4338980e-01 9.5251400e-01
5.6488203e-01 7.8545380e-01 8.3301620e-01 8.6146430e-01 8.8947190e-01 9.4313960e-01 9.5216540e-01
5.6605437e-01 7.8449730e-01 8.3223160e-01 8.6081600e-01 8.8892810e-01 9.4280970e-01 9.5205320e-01
5.6722281e-01 7.8351350e-01 8.3139960e-01 8.6015920e-01 8.8841910e-01 9.4242900e-01 9.5176930e-01
5.6838736e-01 7.8256200e-01 8.3060510e-01 8.5950570e-01 8.8790790e-01 9.4212460e-01 9.5150430e-01
5.6954806e-01 7.8159190e-01 8.2982720e-01 8.5881570e-01 8.8739680e-01 9.4191990e-01 9.5122940e-01
5.7070491e-01 7.8063000e-01 8.2896500e-01 8.5815460e-01 8.8684370e-01 9.4162630e-01 9.5101720e-01
5.7185796e-01 7.7965160e-01 8.2823120e-01 8.5755000e-01 8.8633220e-01 9.4134970e-01 9.5084080e-01
5.7300721e-01 7.7867730e-01 8.2748060e-01 8.5685300e-01 8.8574500e-01 9.4097820e-01 9.5061870e-01
5.7415270e-01 7.7768170e-01 8.2669640e-01 8.5621330e-01 8.8526490e-01 9.4070260e-01 9.5026730e-01
5.7529445e-01 7.7677010e-01 8.2597930e-01 8.5561320e-01 8.8475370e-01 9.4040360e-01 9.5006990e-01
5.7643247e-01 7.7577780e-01 8.2514140e-01 8.5488460e-01 8.8421860e-01 9.4014160e-01 9.4982420e-01
5.7756680e-01 7.7480760e-01 8.2440920e-01 8.5423320e-01 8.8370410e-01 9.3988180e-01 9.4957550e-01
5.7869744e-01 7.7384970e-01 8.2364930e-01 8.5351620e-01 8.8317130e-01 9.3955530e-01 9.4927530e-01
5.7982443e-01 7.7285270e-01 8.2292490e-01 8.5293840e-01 8.8256820e-01 9.3926270e-01 9.4915270e-01
5.8094779e-01 7.7190890e-01 8.2220930e-01 8.5232750e-01 8.8204740e-01 9.3899440e-01 9.4878240e-01
5.8206752e-01 7.7094060e-01 8.2132820e-01 8.5165180e-01 8.8145590e-01 9.3865130e-01 9.4868540e-01
5.8318367e-01 7.6999790e-01 8.2053470e-01 8.5094800e-01 8.8094360e-01 9.3837660e-01 9.4835760e-01
5.8429624e-01 7.6900990e-01 8.1968860e-01 8.5024870e-01 8.8046400e-01 9.3810460e-01 9.4809110e-01
5.8540527e-01 7.6804880e-01 8.1894810e-01 8.4958310e-01 8.7991620e-01 9.3782030e-01 9.4789020e-01
5.8651075e-01 7.6707720e-01 8.1823190e-01 8.4899600e-01 8.7939740e-01 9.3743860e-01 9.4755130e-01
5.8761273e-01 7.6612090e-01 8.1738810e-01 8.4832220e-01 8.7886840e-01 9.3718940e-01 9.4729600e-01
5.8871121e-01 7.6516160e-01 8.1667070e-01 8.4770750e-01 8.7830940e-01 9.3689710e-01 9.4713960e-01
5.8980622e-01 7.6418410e-01 8.1571180e-01 8.4700140e-01 8.7782740e-01 9.3655250e-01 9.4690420e-01
5.9089778e-01 7.6321490e-01 8.1498100e-01 8.4635280e-01 8.7733570e-01 9.3632390e-01 9.4668530e-01
5.9198590e-01 7.6224790e-01 8.1415670e-01 8.4565110e-01 8.7666790e-01 9.3603520e-01 9.4636660e-01
5.9307061e-01 7.6127930e-01 8.1343750e-01 8.4503740e-01 8.7615380e-01 9.3574000e-01 9.4614550e-01
5.9415192e-01 7.6033450e-01 8.1268360e-01 8.4435900e-01 8.7561120e-01 9.3535840e-01 9.4586210e-01
5.9522985e-01 7.5933890e-01 8.1188490e-01 8.4368540e-01 8.7505130e-01 9.3506790e-01 9.4557190e-01
5.9630442e-01 7.5840890e-01 8.1114270e-01 8.4301820e-01 8.7454610e-01 9.3481740e-01 9.4548200e-01
5.9737565e-01 7.5741090e-01 8.1036070e-01 8.4239610e-01 8.7406640e-01 9.3452630e-01 9.4505900e-01
5.9844355e-01 7.5649790e-01 8.0954970e-01 8.4173810e-01 8.7358670e-01 9.3418900e-01 9.4490850e-01
5.9950815e-01 7.5550930e-01 8.0877490e-01 8.4103220e-01 8.7301380e-01 9.3393150e-01 9.4466110e-01
6.0056946e-01 7.5455720e-01 8.0801960e-01 8.4034740e-01 8.7245070e-01 9.3354990e-01 9.4439550e-01
6.0162749e-01 7.5357080e-01 8.0717800e-01 8.3968990e-01 8.7189230e-01 9.3337790e-01 9.4416670e-01
6.0268228e-01 7.5260810e-01 8.0645250e-01 8.3908370e-01 8.7138170e-01 9.3303010e-01 9.4391650e-01
6.0373382e-01 7.5166700e-01 8.0565430e-01 8.3838040e-01 8.7078440e-01 9.3270110e-01 9.4369850e-01
6.0478215e-01 7.5068490e-01 8.0489960e-01 8.3774670e-01 8.7030470e-01 9.3235570e-01 9.4334300e-01
6.0582727e-01 7.4973930e-01 8.0413880e-01 8.3706470e-01 8.6973910e-01 9.3210780e-01 9.4319450e-01
6.0686921e-01 7.4875440e-01 8.0331570e-01 8.3639040e-01 8.6922500e-01 9.3178810e-01 9.4287320e-01
6.0790797e-01 7.4781860e-01 8.0255140e-01 8.3576180e-01 8.6870250e-01 9.3152830e-01 9.4266540e-01
6.0894358e-01 7.4684850e-01 8.0181100e-01 8.3511510e-01 8.6814750e-01 9.3118050e-01 9.4241450e-01
6.0997605e-01 7.4589540e-01 8.0104030e-01 8.3440740e-01 8.6760210e-01 9.3084320e-01 9.4207120e-01
6.1100540e-01 7.4490970e-01 8.0007990e-01 8.3373060e-01 8.6709680e-01 9.3056750e-01 9.4187690e-01
6.1203165e-01 7.4397300e-01 7.9936030e-01 8.3309050e-01 8.6648470e-01 9.3028470e-01 9.4157660e-01
6.1305480e-01 7.4299640e-01 7.9864170e-01 8.3248650e-01 8.6593960e-01 9.2999210e-01 9.4142410e-01
6.1407487e-01 7.4203230e-01 7.9784950e-01 8.3178290e-01 8.6539880e-01 9.2961040e-01 9.4111810e-01
6.1509189e-01 7.4105520e-01 7.9698850e-01 8.3109490e-01 8.6487390e-01 9.2940710e-01 9.4087530e-01
6.1610586e-01 7.4010740e-01 7.9621750e-01 8.3038780e-01 8.6437620e-01 9.2902550e-01 9.4053190e-01
6.1711680e-01 7.3915760e-01 7.9550770e-01 8.2979650e-01 8.6386390e-01 9.2872590e-01 9.4035610e-01
6.1812473e-01 7.3820470e-01 7.9472610e-01 8.2916010e-01 8.6325620e-01 9.2843070e-01 9.4006430e-01
6.1912965e-01 7.3724180e-01 7.9399510e-01 8.2851400e-01 8.6263780e-01 9.2813090e-01 9.3986040e-01
6.2013159e-01 7.3627530e-01 7.9310460e-01 8.2776320e-01 8.6215250e-01 9.2785710e-01 9.3962570e-01
6.2113056e-01 7.3531980e-01 7.9233600e-01 8.2700150e-01 8.6162640e-01 9.2750930e-01 9.3932700e-01
6.2212657e-01 7.3437080e-01 7.9161630e-01 8.2641410e-01 8.6114680e-01 9.2721700e-01 9.3903150e-01
6.2311964e-01 7.3339570e-01 7.9081530e-01 8.2584750e-01 8.6063850e-01 9.2683620e-01 9.3885320e-01
6.2410978e-01 7.3244730e-01 7.8994490e-01 8.2517930e-01 8.6003350e-01 9.2655970e-01 9.3847320e-01
6.2509700e-01 7.3147560e-01 7.8913560e-01 8.2449370e-01 8.5945740e-01 9.2627790e-01 9.3825900e-01
6.2608132e-01 7.3052580e-01 7.8836770e-01 8.2375030e-01 8.5892030e-01 9.2598750e-01 9.3813930e-01
6.2706276e-01 7.2957630e-01 7.8760480e-01 8.2303300e-01 8.5839160e-01 9.2567830e-01 9.3770070e-01
6.2804132e-01 7.2860360e-01 7.8687730e-01 8.2246720e-01 8.5787800e-01 9.2534010e-01 9.3754510e-01
6.2901702e-01 7.2766080e-01 7.8607670e-01 8.2186190e-01 8.5733300e-01 9.2499690e-01 9.3736890e-01
6.2998987e-01 7.2669270e-01 7.8531980e-01 8.2115350e-01 8.5672280e-01 9.2475510e-01 9.3693440e-01
6.3095989e-01 7.2573870e-01 7.8446110e-01 8.2047400e-01 8.5621760e-01 9.2442000e-01 9.3685530e-01
6.3192708e-01 7.2479320e-01 7.8370920e-01 8.1970860e-01 8.5569970e-01 9.2408170e-01 9.3651810e-01
6.3289147e-01 7.2384440e-01 7.8296060e-01 8.1908760e-01 8.5517600e-01 9.2378560e-01 9.3634020e-01
6.3385307e-01 7.2286170e-01 7.8222640e-01 8.1846080e-01 8.5460140e-01 9.2340490e-01 9.3603000e-01
6.3481188e-01 7.2194170e-01 7.8139900e-01 8.1778140e-01 8.5401970e-01 9.2311380e-01 9.3582100e-01
6.3576792e-01 7.2096190e-01 7.8063840e-01 8.1716500e-01 8.5347670e-01 9.2289490e-01 9.3536890e-01
6.3672120e-01 7.2001240e-01 7.7981450e-01 8.1650250e-01 8.5291790e-01 9.2261150e-01 9.3530810e-01
6.3767174e-01 7.1904660e-01 7.7897880e-01 8.1577520e-01 8.5243310e-01 9.2225770e-01 9.3479540e-01
6.3861955e-01 7.1810690e-01 7.7826650e-01 8.1512670e-01 8.5193750e-01 9.2195330e-01 9.3470540e-01
6.3956463e-01 7.1714940e-01 7.7736020e-01 8.1438440e-01 8.5141910e-01 9.2162680e-01 9.3446060e-01
6.4050701e-01 7.1621960e-01 7.7663580e-01 8.1378190e-01 8.5077240e-01 9.2129690e-01 9.3413190e-01
6.4144669e-01 7.1525390e-01 7.7586120e-01 8.1315270e-01 8.5023010e-01 9.2094910e-01 9.3390230e-01
6.4238368e-01 7.1430850e-01 7.7511060e-01 8.1244180e-01 8.4972480e-01 9.2064800e-01 9.3359200e-01
6.4331800e-01 7.1333110e-01 7.7433420e-01 8.1177950e-01 8.4918070e-01 9.2034960e-01 9.3347080e-01
6.4424966e-01 7.1239060e-01 7.7353250e-01 8.1106460e-01 8.4863200e-01 9.2007480e-01 9.3307910e-01
6.4517867e-01 7.1143730e-01 7.7271910e-01 8.1040970e-01 8.4805250e-01 9.1972700e-01 9.3293090e-01
6.4610504e-01 7.1049320e-01 7.7191970e-01 8.0980920e-01 8.4748100e-01 9.1942740e-01 9.3258460e-01
6.4702878e-01 7.0954630e-01 7.7113720e-01 8.0914050e-01 8.4696810e-01 9.1904670e-01 9.3236560e-01
6.4794991e-01 7.0859200e-01 7.7038820e-01 8.0844340e-01 8.4645040e-01 9.1875060e-01 9.3210560e-01
6.4886843e-01 7.0762200e-01 7.6954100e-01 8.0774280e-01 8.4590910e-01 9.1842320e-01 9.3182800e-01
6.4978436e-01 7.0670020e-01 7.6881030e-01 8.0706200e-01 8.4538200e-01 9.1813150e-01 9.3159200e-01
6.5069770e-01 7.0573600e-01 7.6809190e-01 8.0647450e-01 8.4478840e-01 9.1778370e-01 9.3128810e-01
6.5160847e-01 7.0480380e-01 7.6734240e-01 8.0578310e-01 8.4423030e-01 9.1752760e-01 9.3106390e-01
6.5251669e-01 7.0385780e-01 7.6653920e-01 8.0506630e-01 8.4366900e-01 9.1714690e-01 9.3078100e-01
6.5342235e-01 7.0288600e-01 7.6565340e-01 8.0440710e-01 8.4315610e-01 9.1679910e-01 9.3048910e-01
6.5432547e-01 7.0193950e-01 7.6492030e-01 8.0377880e-01 8.4258190e-01 9.1654290e-01 9.3025280e-01
6.5522606e-01 7.0099250e-01 7.6413420e-01 8.0306940e-01 8.4201570e-01 9.1616220e-01 9.2994920e-01
6.5612413e-01 7.0005660e-01 7.6339310e-01 8.0243930e-01 8.4150210e-01 9.1587790e-01 9.2965860e-01
6.5701969e-01 6.9909500e-01 7.6245590e-01 8.0167450e-01 8.4097600e-01 9.1553940e-01 9.2956310e-01
6.5791276e-01 6.9815300e-01 7.6169240e-01 8.0103670e-01 8.4049630e-01 9.1524070e-01 9.2915460e-01
6.5880333e-01 6.9720670e-01 7.6096810e-01 8.0043060e-01 8.3986960e-01 9.1491330e-01 9.2904800e-01
6.5969143e-01 6.9629540e-01 7.6024660e-01 7.9975250e-01 8.3927440e-01 9.1465480e-01 9.2856470e-01
6.6057706e-01 6.9532870e-01 7.5938150e-01 7.9905190e-01 8.3868550e-01 9.1431030e-01 9.2850810e-01
6.6146023e-01 6.9438150e-01 7.5858090e-01 7.9836390e-01 8.3817390e-01 9.1397210e-01 9.2815730e-01
6.6234096e-01 6.9345560e-01 7.5776560e-01 7.9768650e-01 8.3769160e-01 9.1366990e-01 9.2791770e-01
6.6321924e-01 6.9249850e-01 7.5703200e-01 7.9705040e-01 8.3718050e-01 9.1334090e-01 9.2756310e-01
6.6409509e-01 6.9155020e-01 7.5629460e-01 7.9636320e-01 8.3661660e-01 9.1301350e-01 9.2736880e-01
6.6496853e-01 6.9060490e-01 7.5557090e-01 7.9572990e-01 8.3596220e-01 9.1267530e-01 9.2702320e-01
6.6583955e-01 6.8967160e-01 7.5471410e-01 7.9502120e-01 8.3542710e-01 9.1232840e-01 9.2681900e-01
6.6670818e-01 6.8872850e-01 7.5384820e-01 7.9432370e-01 8.3489990e-01 9.1199840e-01 9.2652880e-01
6.6757441e-01 6.8778020e-01 7.5309830e-01 7.9365290e-01 8.3435690e-01 9.1161680e-01 9.2627910e-01
6.6843826e-01 6.8684770e-01 7.5227500e-01 7.9299450e-01 8.3387500e-01 9.1130750e-01 9.2601580e-01
6.6929974e-01 6.8588860e-01 7.5152870e-01 7.9234940e-01 8.3328790e-01 9.1106910e-01 9.2570560e-01
6.7015886e-01 6.8497370e-01 7.5075820e-01 7.9169530e-01 8.3272200e-01 9.1072370e-01 9.2553670e-01
6.7101562e-01 6.8399230e-01 7.5001660e-01 7.9103590e-01 8.3218290e-01 9.1043340e-01 9.2511140e-01
6.7187003e-01 6.8306770e-01 7.4915230e-01 7.9024170e-01 8.3163230e-01 9.1008560e-01 9.2489400e-01
6.7272211e-01 6.8215640e-01 7.4843580e-01 7.8965560e-01 8.3110550e-01 9.0974730e-01 9.2459840e-01
6.7357186e-01 6.8119040e-01 7.4764540e-01 7.8898910e-01 8.3047810e-01 9.0936660e-01 9.2429980e-01
6.7441930e-01 6.8025570e-01 7.4688920e-01 7.8831000e-01 8.2991600e-01 9.0907050e-01 9.2417200e-01
6.7526442e-01 6.7931050e-01 7.4615220e-01 7.8763590e-01 8.2940900e-01 9.0874310e-01 9.2375090e-01
6.7610724e-01 6.7837970e-01 7.4528240e-01 7.8692060e-01 8.2885350e-01 9.0840580e-01 9.2362220e-01
6.7694777e-01 6.7746700e-01 7.4442230e-01 7.8628540e-01 8.2828080e-01 9.0806980e-01 9.2326760e-01
6.7778601e-01 6.7650090e-01 7.4365290e-01 7.8564470e-01 8.2773280e-01 9.0772200e-01 9.2302800e-01
6.7862198e-01 6.7555130e-01 7.4287750e-01 7.8494730e-01 8.2715380e-01 9.0743050e-01 9.2267340e-01
6.7945568e-01 6.7460170e-01 7.4212240e-01 7.8423870e-01 8.2661320e-01 9.0704890e-01 9.2250140e-01
6.8028712e-01 6.7368270e-01 7.4139430e-01 7.8357790e-01 8.2607170e-01 9.0682660e-01 9.2222120e-01
6.8111631e-01 6.7275900e-01 7.4057930e-01 7.8289090e-01 8.2555940e-01 9.0644590e-01 9.2194300e-01
6.8194325e-01 6.7182080e-01 7.3979800e-01 7.8225060e-01 8.2499970e-01 9.0610050e-01 9.2168970e-01
6.8276797e-01 6.7089510e-01 7.3895980e-01 7.8156480e-01 8.2442200e-01 9.0577050e-01 9.2134880e-01
6.8359045e-01 6.6991490e-01 7.3818630e-01 7.8086410e-01 8.2386780e-01 9.0542370e-01 9.2121580e-01
6.8441072e-01 6.6899260e-01 7.3745600e-01 7.8022160e-01 8.2327650e-01 9.0513100e-01 9.2075460e-01
6.8522878e-01 6.6806400e-01 7.3663440e-01 7.7950660e-01 8.2278830e-01 9.0474940e-01 9.2062160e-01
6.8604464e-01 6.6713380e-01 7.3586980e-01 7.7878620e-01 8.2219020e-01 9.0442200e-01 9.2032520e-01
6.8685830e-01 6.6622350e-01 7.3505780e-01 7.7818340e-01 8.2164670e-01 9.0412680e-01 9.2001050e-01
6.8766977e-01 6.6528040e-01 7.3426140e-01 7.7753820e-01 8.2111690e-01 9.0374520e-01 9.1973090e-01
6.8847906e-01 6.6432010e-01 7.3350990e-01 7.7687190e-01 8.2055940e-01 9.0340700e-01 9.1937010e-01
6.8928619e-01 6.6338860e-01 7.3268060e-01 7.7622810e-01 8.2002500e-01 9.0309870e-01 9.1913670e-01
6.9009115e-01 6.6248470e-01 7.3185610e-01 7.7540060e-01 8.1942040e-01 9.0280640e-01 9.1891990e-01
6.9089395e-01 6.6153580e-01 7.3112280e-01 7.7479970e-01 8.1890680e-01 9.0242470e-01 9.1867820e-01
6.9169460e-01 6.6059030e-01 7.3039800e-01 7.7421370e-01 8.1833870e-01 9.0214170e-01 9.1840640e-01
6.9249312e-01 6.5969120e-01 7.2956080e-01 7.7348410e-01 8.1776710e-01 9.0179390e-01 9.1808550e-01
6.9328949e-01 6.5874150e-01 7.2881990e-01 7.7277060e-01 8.1723150e-01 9.0145780e-01 9.1781210e-01
6.9408375e-01 6.5781160e-01 7.2798050e-01 7.7198410e-01 8.1659370e-01 9.0107710e-01 9.1752020e-01
6.9487588e-01 6.5685070e-01 7.2723140e-01 7.7141450e-01 8.1605360e-01 9.0078340e-01 9.1723860e-01
6.9566590e-01 6.5592000e-01 7.2649070e-01 7.7083880e-01 8.1551790e-01 9.0047900e-01 9.1698680e-01
6.9645382e-01 6.5502500e-01 7.2562650e-01 7.7007060e-01 8.1498470e-01 9.0009740e-01 9.1678000e-01
6.9723964e-01 6.5409070e-01 7.2481310e-01 7.6936420e-01 8.1444800e-01 8.9971660e-01 9.1641330e-01
6.9802336e-01 6.5317490e-01 7.2402720e-01 7.6866790e-01 8.1382830e-01 8.9938930e-01 9.1611650e-01
6.9880501e-01 6.5221870e-01 7.2325360e-01 7.6802910e-01 8.1328780e-01 8.9909090e-01 9.1580650e-01
6.9958457e-01 6.5129040e-01 7.2248840e-01 7.6738250e-01 8.1277660e-01 8.9871010e-01 9.1554300e-01
7.0036207e-01 6.5035730e-01 7.2173430e-01 7.6666560e-01 8.1219150e-01 8.9837190e-01 9.1525770e-01
7.0113751e-01 6.4944960e-01 7.2096450e-01 7.6600200e-01 8.1164530e-01 8.9799030e-01 9.1508870e-01
7.0191089e-01 6.4851310e-01 7.2021400e-01 7.6534770e-01 8.1103760e-01 8.9764340e-01 9.1468290e-01
7.0268222e-01 6.4757980e-01 7.1928650e-01 7.6463300e-01 8.1047210e-01 8.9735900e-01 9.1454880e-01
7.0345150e-01 6.4666490e-01 7.1851230e-01 7.6394950e-01 8.0998630e-01 8.9697740e-01 9.1405660e-01
7.0421876e-01 6.4575260e-01 7.1776160e-01 7.6326870e-01 8.0947050e-01 8.9673100e-01 9.1400000e-01
7.0498398e-01 6.4480440e-01 7.1698410e-01 7.6261730e-01 8.0887750e-01 8.9635630e-01 9.1351670e-01
7.0574718e-01 6.4389970e-01 7.1626640e-01 7.6200000e-01 8.0819320e-01 8.9597460e-01 9.1344590e-01
7.0650836e-01 6.4297540e-01 7.1543140e-01 7.6122540e-01 8.0764880e-01 8.9559300e-01 9.1298330e-01
7.0726754e-01 6.4201040e-01 7.1461380e-01 7.6053780e-01 8.0715700e-01 8.9526400e-01 9.1278480e-01
7.0802471e-01 6.4108890e-01 7.1382580e-01 7.5984470e-01 8.0665460e-01 8.9495960e-01 9.1245520e-01
7.0877988e-01 6.4020030e-01 7.1302510e-01 7.5921550e-01 8.0602010e-01 8.9457790e-01 9.1219210e-01
7.0953307e-01 6.3923550e-01 7.1228350e-01 7.5861810e-01 8.0550630e-01 8.9419630e-01 9.1184450e-01
7.1028427e-01 6.3833910e-01 7.1151140e-01 7.5785240e-01 8.0488440e-01 8.9381560e-01 9.1151670e-01
7.1103349e-01 6.3742350e-01 7.1070970e-01 7.5717480e-01 8.0431800e-01 8.9357380e-01 9.1128620e-01
7.1178075e-01 6.3651950e-01 7.0986110e-01 7.5644850e-01 8.0378750e-01 8.9319210e-01 9.1103290e-01
7.1252603e-01 6.3557270e-01 7.0912780e-01 7.5580400e-01 8.0320610e-01 8.9284550e-01 9.1082540e-01
7.1326936e-01 6.3465620e-01 7.0835600e-01 7.5511020e-01 8.0265780e-01 8.9250720e-01 9.1043870e-01
7.1401074e-01 6.3372560e-01 7.0760650e-01 7.5447000e-01 8.0208530e-01 8.9215940e-01 9.1013220e-01
7.1475017e-01 6.3279040e-01 7.0681120e-01 7.5379880e-01 8.0158350e-01 8.9177770e-01 9.0989880e-01
7.1548765e-01 6.3186010e-01 7.0595620e-01 7.5309030e-01 8.0100680e-01 8.9144870e-01 9.0956690e-01
7.1622321e-01 6.3097100e-01 7.0512290e-01 7.5231540e-01 8.0036640e-01 8.9106710e-01 9.0930460e-01
7.1695683e-01 6.3004720e-01 7.0438150e-01 7.5172230e-01 7.9985950e-01 8.9076270e-01 9.0903350e-01
7.1768853e-01 6.2912050e-01 7.0363940e-01 7.5108630e-01 7.9930290e-01 8.9043620e-01 9.0871420e-01
7.1841832e-01 6.2819540e-01 7.0281100e-01 7.5036300e-01 7.9869370e-01 8.9005460e-01 9.0849360e-01
7.1914619e-01 6.2727290e-01 7.0205940e-01 7.4963280e-01 7.9811840e-01 8.8967290e-01 9.0814890e-01
7.1987216e-01 6.2630810e-01 7.0131160e-01 7.4896780e-01 7.9752860e-01 8.8941310e-01 9.0792010e-01
7.2059623e-01 6.2542300e-01 7.0048510e-01 7.4833760e-01 7.9700870e-01 8.8903230e-01 9.0748780e-01
7.2131840e-01 6.2450520e-01 6.9966270e-01 7.4769860e-01 7.9650290e-01 8.8869410e-01 9.0725660e-01
7.2203869e-01 6.2359570e-01 6.9883840e-01 7.4695530e-01 7.9593820e-01 8.8831250e-01 9.0696860e-01
7.2275709e-01 6.2264600e-01 6.9805790e-01 7.4615050e-01 7.9527360e-01 8.8793080e-01 9.0669830e-01
7.2347362e-01 6.2173810e-01 6.9732900e-01 7.4557990e-01 7.9473230e-01 8.8758390e-01 9.0643520e-01
7.2418828e-01 6.2081520e-01 6.9656730e-01 7.4497410e-01 7.9425270e-01 8.8720000e-01 9.0614940e-01
7.2490107e-01 6.1993010e-01 6.9572250e-01 7.4421290e-01 7.9364280e-01 8.8687010e-01 9.0577170e-01
7.2561200e-01 6.1898660e-01 6.9497840e-01 7.4349150e-01 7.9306760e-01 8.8650490e-01 9.0556330e-01
7.2632107e-01 6.1807310e-01 6.9415790e-01 7.4276880e-01 7.9245430e-01 8.8621140e-01 9.0517750e-01
7.2702830e-01 6.1718280e-01 6.9335670e-01 7.4219410e-01 7.9191590e-01 8.8582970e-01 9.0495270e-01
7.2773368e-01 6.1626810e-01 6.9263080e-01 7.4156960e-01 7.9137460e-01 8.8543880e-01 9.0464930e-01
7.2843722e-01 6.1531230e-01 6.9180600e-01 7.4078250e-01 7.9075490e-01 8.8505810e-01 9.0422450e-01
7.2913893e-01 6.1441850e-01 6.9098620e-01 7.4005060e-01 7.9021520e-01 8.8467640e-01 9.0420800e-01
7.2983881e-01 6.1350910e-01 6.9018710e-01 7.3938090e-01 7.8965020e-01 8.8446940e-01 9.0369110e-01
7.3053687e-01 6.1258170e-01 6.8944970e-01 7.3875600e-01 7.8908980e-01 8.8408770e-01 9.0354690e-01
7.3123311e-01 6.1167970e-01 6.8865860e-01 7.3808730e-01 7.8854290e-01 8.8370700e-01 9.0321720e-01
7.3192754e-01 6.1073240e-01 6.8786550e-01 7.3732790e-01 7.8788400e-01 8.8328440e-01 9.0289990e-01
7.3262016e-01 6.0983260e-01 6.8708580e-01 7.3668670e-01 7.8739260e-01 8.8290270e-01 9.0260660e-01
7.3331098e-01 6.0892510e-01 6.8623750e-01 7.3594400e-01 7.8686150e-01 8.8251870e-01 9.0230560e-01
7.3400000e-01 6.0801300e-01 6.8550350e-01 7.3531470e-01 7.8625460e-01 8.8213790e-01 9.0201240e-01
7.3468723e-01 6.0707300e-01 6.8471850e-01 7.3467800e-01 7.8562520e-01 8.8185140e-01 9.0177000e-01
7.3537267e-01 6.0616000e-01 6.8391240e-01 7.3390620e-01 7.8508620e-01 8.8152410e-01 9.0133430e-01
7.3605633e-01 6.0526150e-01 6.8313940e-01 7.3324440e-01 7.8453950e-01 8.8117630e-01 9.0120130e-01
7.3673822e-01 6.0437610e-01 6.8235730e-01 7.3252440e-01 7.8400310e-01 8.8076770e-01 9.0074440e-01
7.3741833e-01 6.0346370e-01 6.8151290e-01 7.3186290e-01 7.8336240e-01 8.8037680e-01 9.0060710e-01
7.3809667e-01 6.0254980e-01 6.8073710e-01 7.3119730e-01 7.8274750e-01 8.7999510e-01 9.0020450e-01
7.3877326e-01 6.0162780e-01 6.7996330e-01 7.3046330e-01 7.8220820e-01 8.7961120e-01 8.9987890e-01
7.3944808e-01 6.0072300e-01 6.7923000e-01 7.2981810e-01 7.8167400e-01 8.7935940e-01 8.9965560e-01
7.4012115e-01 5.9981280e-01 6.7840480e-01 7.2913570e-01 7.8115190e-01 8.7897780e-01 8.9922200e-01
7.4079248e-01 5.9888490e-01 6.7759630e-01 7.2840730e-01 7.8053990e-01 8.7859610e-01 8.9900860e-01
7.4146206e-01 5.9799750e-01 6.7677360e-01 7.2771540e-01 7.8000070e-01 8.7821450e-01 8.9871810e-01
7.4212990e-01 5.9708260e-01 6.7602460e-01 7.2702650e-01 7.7938240e-01 8.7783370e-01 8.9839800e-01
7.4279601e-01 5.9615930e-01 6.7527950e-01 7.2642410e-01 7.7882560e-01 8.7748590e-01 8.9812380e-01
7.4346039e-01 5.9524380e-01 6.7438160e-01 7.2560790e-01 7.7818030e-01 8.7710430e-01 8.9775750e-01
7.4412304e-01 5.9431270e-01 6.7365580e-01 7.2499370e-01 7.7766180e-01 8.7672260e-01 8.9750570e-01
7.4478398e-01 5.9343310e-01 6.7286680e-01 7.2425770e-01 7.7715660e-01 8.7637370e-01 8.9722410e-01
7.4544320e-01 5.9253200e-01 6.7207930e-01 7.2361920e-01 7.7650250e-01 8.7597740e-01 8.9693220e-01
7.4610071e-01 5.9162590e-01 6.7125150e-01 7.2286490e-01 7.7586990e-01 8.7559570e-01 8.9658660e-01
7.4675651e-01 5.9072180e-01 6.7047130e-01 7.2221640e-01 7.7535410e-01 8.7524790e-01 8.9627110e-01
7.4741062e-01 5.8983440e-01 6.6969230e-01 7.2152000e-01 7.7483570e-01 8.7492140e-01 8.9598490e-01
7.4806302e-01 5.8891450e-01 6.6893120e-01 7.2084580e-01 7.7429600e-01 8.7453980e-01 8.9566040e-01
7.4871373e-01 5.8799190e-01 6.6818000e-01 7.2018280e-01 7.7354640e-01 8.7415810e-01 8.9533080e-01
7.4936275e-01 5.8709940e-01 6.6731450e-01 7.1943400e-01 7.7304900e-01 8.7377650e-01 8.9506780e-01
7.5001009e-01 5.8618730e-01 6.6652690e-01 7.1877850e-01 7.7250290e-01 8.7342870e-01 8.9468910e-01
7.5065575e-01 5.8528130e-01 6.6573240e-01 7.1807890e-01 7.7190430e-01 8.7308910e-01 8.9447350e-01
7.5129974e-01 5.8439430e-01 6.6499140e-01 7.1738760e-01 7.7130270e-01 8.7274990e-01 8.9409490e-01
7.5194205e-01 5.8345240e-01 6.6416290e-01 7.1669000e-01 7.7075370e-01 8.7234040e-01 8.9392890e-01
7.5258270e-01 5.8256730e-01 6.6337560e-01 7.1599580e-01 7.7019600e-01 8.7192120e-01 8.9350220e-01
7.5322168e-01 5.8165770e-01 6.6256310e-01 7.1534950e-01 7.6964580e-01 8.7150420e-01 8.9331430e-01
7.5385900e-01 5.8076460e-01 6.6177900e-01 7.1457220e-01 7.6895330e-01 8.7115640e-01 8.9289160e-01
7.5449468e-01 5.7987570e-01 6.6096400e-01 7.1382580e-01 7.6844640e-01 8.7073610e-01 8.9260040e-01
7.5512870e-01 5.7897860e-01 6.6022070e-01 7.1320100e-01 7.6790260e-01 8.7035210e-01 8.9231810e-01
7.5576107e-01 5.7805030e-01 6.5946950e-01 7.1259500e-01 7.6729690e-01 8.6997050e-01 8.9198970e-01
7.5639181e-01 5.7715210e-01 6.5861130e-01 7.1184660e-01 7.6669490e-01 8.6963320e-01 8.9160410e-01
7.5702090e-01 5.7623840e-01 6.5781560e-01 7.1110290e-01 7.6611420e-01 8.6927610e-01 8.9136920e-01
7.5764837e-01 5.7533270e-01 6.5702640e-01 7.1041750e-01 7.6559330e-01 8.6891830e-01 8.9095760e-01
7.5827420e-01 5.7446140e-01 6.5627010e-01 7.0976590e-01 7.6495910e-01 8.6849110e-01 8.9079570e-01
7.5889841e-01 5.7355170e-01 6.5550600e-01 7.0908450e-01 7.6433670e-01 8.6811030e-01 8.9036340e-01
7.5952100e-01 5.7265470e-01 6.5468960e-01 7.0837730e-01 7.6379120e-01 8.6772640e-01 8.9002210e-01
7.6014197e-01 5.7172830e-01 6.5383240e-01 7.0763710e-01 7.6325790e-01 8.6734470e-01 8.8982350e-01
7.6076132e-01 5.7082320e-01 6.5307100e-01 7.0698330e-01 7.6267670e-01 8.6699690e-01 8.8942790e-01
7.6137907e-01 5.6993630e-01 6.5231730e-01 7.0633770e-01 7.6206460e-01 8.6657670e-01 8.8918080e-01
7.6199521e-01 5.6905180e-01 6.5152770e-01 7.0558920e-01 7.6148500e-01 8.6618670e-01 8.8887910e-01
7.6260975e-01 5.6814540e-01 6.5066450e-01 7.0480590e-01 7.6094400e-01 8.6582060e-01 8.8851960e-01
7.6322269e-01 5.6725740e-01 6.4992250e-01 7.0418940e-01 7.6031440e-01 8.6536510e-01 8.8813440e-01
7.6383404e-01 5.6634720e-01 6.4913480e-01 7.0350360e-01 7.5976030e-01 8.6498120e-01 8.8784480e-01
7.6444380e-01 5.6544980e-01 6.4833240e-01 7.0278870e-01 7.5918430e-01 8.6459950e-01 8.8761520e-01
7.6505197e-01 5.6453290e-01 6.4754650e-01 7.0210080e-01 7.5860240e-01 8.6430430e-01 8.8724210e-01
7.6565856e-01 5.6366150e-01 6.4673390e-01 7.0137450e-01 7.5796790e-01 8.6392270e-01 8.8695410e-01
7.6626357e-01 5.6274910e-01 6.4596380e-01 7.0073830e-01 7.5741990e-01 8.6353180e-01 8.8664790e-01
7.6686701e-01 5.6186110e-01 6.4515220e-01 6.9998310e-01 7.5693410e-01 8.6308370e-01 8.8634340e-01
7.6746887e-01 5.6095690e-01 6.4439500e-01 6.9932400e-01 7.5624650e-01 8.6269970e-01 8.8597160e-01
7.6806917e-01 5.6006130e-01 6.4358530e-01 6.9859370e-01 7.5562360e-01 8.6231900e-01 8.8569640e-01
7.6866790e-01 5.5914930e-01 6.4277760e-01 6.9792190e-01 7.5502160e-01 8.6193730e-01 8.8541530e-01
7.6926507e-01 5.5830090e-01 6.4199170e-01 6.9724860e-01 7.5454190e-01 8.6158950e-01 8.8500510e-01
7.6986069e-01 5.5739570e-01 6.4120840e-01 6.9652940e-01 7.5392950e-01 8.6120790e-01 8.8476830e-01
7.7045475e-01 5.5646940e-01 6.4041120e-01 6.9578150e-01 7.5325610e-01 8.6078650e-01 8.8428350e-01
7.7104726e-01 5.5556770e-01 6.3963590e-01 6.9514780e-01 7.5268300e-01 8.6033010e-01 8.8415760e-01
7.7163823e-01 5.5468030e-01 6.3880400e-01 6.9443260e-01 7.5217040e-01 8.5990980e-01 8.8363650e-01
7.7222765e-01 5.5377570e-01 6.3804470e-01 6.9373090e-01 7.5162310e-01 8.5952810e-01 8.8345330e-01
7.7281554e-01 5.5290400e-01 6.3724510e-01 6.9300470e-01 7.5094680e-01 8.5914650e-01 8.8312550e-01
7.7340189e-01 5.5200920e-01 6.3645700e-01 6.9233440e-01 7.5040500e-01 8.5879870e-01 8.8280630e-01
7.7398671e-01 5.5110670e-01 6.3567450e-01 6.9168600e-01 7.4979740e-01 8.5841560e-01 8.8253130e-01
7.7457000e-01 5.5021870e-01 6.3485610e-01 6.9091510e-01 7.4924970e-01 8.5799690e-01 8.8205450e-01
7.7515176e-01 5.4932890e-01 6.3404980e-01 6.9019020e-01 7.4858560e-01 8.5766700e-01 8.8180090e-01
7.7573201e-01 5.4846910e-01 6.3330560e-01 6.8957050e-01 7.4806830e-01 8.5724910e-01 8.8146030e-01
7.7631073e-01 5.4755890e-01 6.3247820e-01 6.8883220e-01 7.4741890e-01 8.5679120e-01 8.8120670e-01
7.7688794e-01 5.4667020e-01 6.3166990e-01 6.8809240e-01 7.4681220e-01 8.5640950e-01 8.8078420e-01
7.7746364e-01 5.4578110e-01 6.3086950e-01 6.8739620e-01 7.4628920e-01 8.5602650e-01 8.8055200e-01
7.7803784e-01 5.4487040e-01 6.3010220e-01 6.8675750e-01 7.4575270e-01 8.5564160e-01 8.8023540e-01
7.7861052e-01 5.4399320e-01 6.2930510e-01 6.8606230e-01 7.4514980e-01 8.5521430e-01 8.7980790e-01
7.7918171e-01 5.4308790e-01 6.2852810e-01 6.8529450e-01 7.4447260e-01 8.5483270e-01 8.7964110e-01
7.7975140e-01 5.4221610e-01 6.2767220e-01 6.8455000e-01 7.4389080e-01 8.5449450e-01 8.7906760e-01
7.8031959e-01 5.4128750e-01 6.2691260e-01 6.8392800e-01 7.4332710e-01 8.5407190e-01 8.7891720e-01
7.8088629e-01 5.4041880e-01 6.2612370e-01 6.8321980e-01 7.4277840e-01 8.5364560e-01 8.7851130e-01
7.8145151e-01 5.3952300e-01 6.2535840e-01 6.8258320e-01 7.4212610e-01 8.5319860e-01 8.7825610e-01
7.8201524e-01 5.3865830e-01 6.2452480e-01 6.8177350e-01 7.4160270e-01 8.5281690e-01 8.7786430e-01
7.8257748e-01 5.3776350e-01 6.2372580e-01 6.8110680e-01 7.4095740e-01 8.5241480e-01 8.7756470e-01
7.8313825e-01 5.3687890e-01 6.2294300e-01 6.8040560e-01 7.4034260e-01 8.5203090e-01 8.7720320e-01
7.8369754e-01 5.3601240e-01 6.2216310e-01 6.7974100e-01 7.3980980e-01 8.5161060e-01 8.7691770e-01
7.8425536e-01 5.3511120e-01 6.2138140e-01 6.7900280e-01 7.3920440e-01 8.5119280e-01 8.7653200e-01
7.8481172e-01 5.3419860e-01 6.2055360e-01 6.7828040e-01 7.3858400e-01 8.5076550e-01 8.7624020e-01
7.8536660e-01 5.3334650e-01 6.1976280e-01 6.7759970e-01 7.3800230e-01 8.5031000e-01 8.7593030e-01
7.8592002e-01 5.3245540e-01 6.1897720e-01 6.7693290e-01 7.3746050e-01 8.4992610e-01 8.7556840e-01
7.8647199e-01 5.3156940e-01 6.1820220e-01 6.7617850e-01 7.3676790e-01 8.4954440e-01 8.7523900e-01
7.8702249e-01 5.3066500e-01 6.1736340e-01 6.7543330e-01 7.3621430e-01 8.4911490e-01 8.7489300e-01
7.8757155e-01 5.2981160e-01 6.1656190e-01 6.7476230e-01 7.3563710e-01 8.4870630e-01 8.7452510e-01
7.8811915e-01 5.2892360e-01 6.1579510e-01 6.7409390e-01 7.3508720e-01 8.4835620e-01 8.7430300e-01
7.8866530e-01 5.2802810e-01 6.1499660e-01 6.7333690e-01 7.3441210e-01 8.4797450e-01 8.7383320e-01
7.8921001e-01 5.2714030e-01 6.1419970e-01 6.7266280e-01 7.3381600e-01 8.4751910e-01 8.7350840e-01
7.8975328e-01 5.2625540e-01 6.1338340e-01 6.7191100e-01 7.3329550e-01 8.4705470e-01 8.7323900e-01
7.9029511e-01 5.2536720e-01 6.1262440e-01 6.7131000e-01 7.3267890e-01 8.4663440e-01 8.7289780e-01
7.9083550e-01 5.2449560e-01 6.1181200e-01 6.7048990e-01 7.3200420e-01 8.4625050e-01 8.7248390e-01
7.9137447e-01 5.2362790e-01 6.1099280e-01 6.6977890e-01 7.3144260e-01 8.4586970e-01 8.7222230e-01
7.9191200e-01 5.2273740e-01 6.1021600e-01 6.6913110e-01 7.3088820e-01 8.4543380e-01 8.7182970e-01
7.9244810e-01 5.2186840e-01 6.0943600e-01 6.6846950e-01 7.3031660e-01 8.4497880e-01 8.7153730e-01
7.9298278e-01 5.2097600e-01 6.0864040e-01 6.6766960e-01 7.2960070e-01 8.4451860e-01 8.7121910e-01
7.9351604e-01 5.2010100e-01 6.0781020e-01 6.6694390e-01 7.2907110e-01 8.4409140e-01 8.7094310e-01
7.9404788e-01 5.1921040e-01 6.0702710e-01 6.6628310e-01 7.2851380e-01 8.4374360e-01 8.7042390e-01
7.9457831e-01 5.1831870e-01 6.0627250e-01 6.6564680e-01 7.2788630e-01 8.4336190e-01 8.7020060e-01
7.9510732e-01 5.1745220e-01 6.0544890e-01 6.6483170e-01 7.2720230e-01 8.4294180e-01 8.6982970e-01
7.9563492e-01 5.1659430e-01 6.0461940e-01 6.6409440e-01 7.2659560e-01 8.4248530e-01 8.6939830e-01
7.9616112e-01 5.1570190e-01 6.0384170e-01 6.6344230e-01 7.2608110e-01 8.4206600e-01 8.6916630e-01
7.9668591e-01 5.1480150e-01 6.0308370e-01 6.6280210e-01 7.2548800e-01 8.4168440e-01 8.6878120e-01
7.9720930e-01 5.1394500e-01 6.0228040e-01 6.6206080e-01 7.2488570e-01 8.4121770e-01 8.6850510e-01
7.9773130e-01 5.1305010e-01 6.0141370e-01 6.6125640e-01 7.2428100e-01 8.4083610e-01 8.6809820e-01
7.9825189e-01 5.1217870e-01 6.0065380e-01 6.6061910e-01 7.2367340e-01 8.4036150e-01 8.6767980e-01
7.9877109e-01 5.1133280e-01 5.9988880e-01 6.5996800e-01 7.2308960e-01 8.3990600e-01 8.6742070e-01
7.9928891e-01 5.1041550e-01 5.9909670e-01 6.5923140e-01 7.2242190e-01 8.3948590e-01 8.6700650e-01
7.9980533e-01 5.0951920e-01 5.9822910e-01 6.5840550e-01 7.2181430e-01 8.3910430e-01 8.6661180e-01
8.0032037e-01 5.0868240e-01 5.9745860e-01 6.5775250e-01 7.2130000e-01 8.3872260e-01 8.6634960e-01
8.0083403e-01 5.0779440e-01 5.9668490e-01 6.5709170e-01 7.2062710e-01 8.3825670e-01 8.6600110e-01
8.0134631e-01 5.0693980e-01 5.9582950e-01 6.5626050e-01 7.2001600e-01 8.3783320e-01 8.6570260e-01
8.0185721e-01 5.0605040e-01 5.9505370e-01 6.5560340e-01 7.1944580e-01 8.3741400e-01 8.6520810e-01
8.0236673e-01 5.0513640e-01 5.9426210e-01 6.5491710e-01 7.1885230e-01 8.3703240e-01 8.6493010e-01
8.0287489e-01 5.0427780e-01 5.9348720e-01 6.5423540e-01 7.1827710e-01 8.3655780e-01 8.6459740e-01
8.0338167e-01 5.0341740e-01 5.9265120e-01 6.5340990e-01 7.1758370e-01 8.3614690e-01 8.6427050e-01
8.0388709e-01 5.0253900e-01 5.9186120e-01 6.5276780e-01 7.1707200e-01 8.3567420e-01 8.6387580e-01
8.0439115e-01 5.0167170e-01 5.9109860e-01 6.5210470e-01 7.1644930e-01 8.3525490e-01 8.6365990e-01
8.0489384e-01 5.0077890e-01 5.9029370e-01 6.5135250e-01 7.1583730e-01 8.3487330e-01 8.6313170e-01
8.0539517e-01 4.9991280e-01 5.8946950e-01 6.5058900e-01 7.1519860e-01 8.3441360e-01 8.6275370e-01
8.0589515e-01 4.9903790e-01 5.8868720e-01 6.4994720e-01 7.1463320e-01 8.3403200e-01 8.6253750e-01
8.0639377e-01 4.9817800e-01 5.8789360e-01 6.4925960e-01 7.1401660e-01 8.3361410e-01 8.6207890e-01
8.0689104e-01 4.9732660e-01 5.8707170e-01 6.4843690e-01 7.1343280e-01 8.3314690e-01 8.6180710e-01
8.0738697e-01 4.9641400e-01 5.8627310e-01 6.4775820e-01 7.1275910e-01 8.3263530e-01 8.6137950e-01
8.0788154e-01 4.9558440e-01 5.8547710e-01 6.4706260e-01 7.1221140e-01 8.3225360e-01 8.6105260e-01
8.0837478e-01 4.9469080e-01 5.8470100e-01 6.4636110e-01 7.1160840e-01 8.3182120e-01 8.6071840e-01
8.0886667e-01 4.9383370e-01 5.8389080e-01 6.4561400e-01 7.1093510e-01 8.3136340e-01 8.6030850e-01
8.0935722e-01 4.9293170e-01 5.8307890e-01 6.4490390e-01 7.1030870e-01 8.3086040e-01 8.6004720e-01
8.0984644e-01 4.9208430e-01 5.8228580e-01 6.4418760e-01 7.0977910e-01 8.3047870e-01 8.5964740e-01
8.1033432e-01 4.9121600e-01 5.8148580e-01 6.4347750e-01 7.0920300e-01 8.3009480e-01 8.5917350e-01
8.1082087e-01 4.9035420e-01 5.8068550e-01 6.4276910e-01 7.0855370e-01 8.2959480e-01 8.5890270e-01
8.1130609e-01 4.8946660e-01 5.7987420e-01 6.4204370e-01 7.0786100e-01 8.2912760e-01 8.5856290e-01
8.1178998e-01 4.8856430e-01 5.7908290e-01 6.4130530e-01 7.0732130e-01 8.2869810e-01 8.5821860e-01
8.1227255e-01 4.8773830e-01 5.7827340e-01 6.4060970e-01 7.0675910e-01 8.2831640e-01 8.5783470e-01
8.1275380e-01 4.8685410e-01 5.7749400e-01 6.3990750e-01 7.0602720e-01 8.2785430e-01 8.5741190e-01
8.1323372e-01 4.8600330e-01 5.7669560e-01 6.3921220e-01 7.0551450e-01 8.2736010e-01 8.5715710e-01
8.1371233e-01 4.8512480e-01 5.7588260e-01 6.3846340e-01 7.0491310e-01 8.2697710e-01 8.5661720e-01
8.1418962e-01 4.8428690e-01 5.7507940e-01 6.3772580e-01 7.0423080e-01 8.2646770e-01 8.5641300e-01
8.1466560e-01 4.8340650e-01 5.7427710e-01 6.3698170e-01 7.0359580e-01 8.2603820e-01 8.5599090e-01
8.1514027e-01 4.8254780e-01 5.7348810e-01 6.3627850e-01 7.0302460e-01 8.2561430e-01 8.5559150e-01
8.1561364e-01 4.8165110e-01 5.7266070e-01 6.3556120e-01 7.0246640e-01 8.2515310e-01 8.5538020e-01
8.1608569e-01 4.8080770e-01 5.7187200e-01 6.3482150e-01 7.0182640e-01 8.2471650e-01 8.5486730e-01
8.1655644e-01 4.7991750e-01 5.7108250e-01 6.3413500e-01 7.0115890e-01 8.2429390e-01 8.5450450e-01
8.1702589e-01 4.7907140e-01 5.7026770e-01 6.3340910e-01 7.0058440e-01 8.2375640e-01 8.5420610e-01
8.1749404e-01 4.7821910e-01 5.6946110e-01 6.3265870e-01 6.9999890e-01 8.2336540e-01 8.5381470e-01
8.1796090e-01 4.7736210e-01 5.6867390e-01 6.3198180e-01 6.9931630e-01 8.2289720e-01 8.5338080e-01
8.1842646e-01 4.7647450e-01 5.6787430e-01 6.3124530e-01 6.9869310e-01 8.2251560e-01 8.5308430e-01
8.1889072e-01 4.7563410e-01 5.6705520e-01 6.3048840e-01 6.9816730e-01 8.2203230e-01 8.5275070e-01
8.1935370e-01 4.7476440e-01 5.6626350e-01 6.2979120e-01 6.9750210e-01 8.2158480e-01 8.5232830e-01
8.1981539e-01 4.7388400e-01 5.6545920e-01 6.2909880e-01 6.9686230e-01 8.2112110e-01 8.5189590e-01
8.2027579e-01 4.7299940e-01 5.6466620e-01 6.2831450e-01 6.9624860e-01 8.2054040e-01 8.5153710e-01
8.2073491e-01 4.7216850e-01 5.6385040e-01 6.2762200e-01 6.9567510e-01 8.2011340e-01 8.5112340e-01
8.2119274e-01 4.7130560e-01 5.6304780e-01 6.2689550e-01 6.9504760e-01 8.1969400e-01 8.5092640e-01
8.2164930e-01 4.7045150e-01 5.6224060e-01 6.2612700e-01 6.9442390e-01 8.1923890e-01 8.5043020e-01
8.2210458e-01 4.6956430e-01 5.6144310e-01 6.2547630e-01 6.9378480e-01 8.1871760e-01 8.4993560e-01
8.2255858e-01 4.6871930e-01 5.6062730e-01 6.2473700e-01 6.9316220e-01 8.1829730e-01 8.4976670e-01
8.2301131e-01 4.6784110e-01 5.5983210e-01 6.2396570e-01 6.9253890e-01 8.1788780e-01 8.4932500e-01
8.2346277e-01 4.6701070e-01 5.5903230e-01 6.2326660e-01 6.9194780e-01 8.1737520e-01 8.4878740e-01
8.2391296e-01 4.6614050e-01 5.5823590e-01 6.2258890e-01 6.9137520e-01 8.1695490e-01 8.4859670e-01
8.2436188e-01 4.6528830e-01 5.5742210e-01 6.2179450e-01 6.9064280e-01 8.1643940e-01 8.4814040e-01
8.2480954e-01 4.6442190e-01 5.5662770e-01 6.2111190e-01 6.9002970e-01 8.1600280e-01 8.4775940e-01
8.2525593e-01 4.6355020e-01 5.5582590e-01 6.2040830e-01 6.8948640e-01 8.1543520e-01 8.4738160e-01
8.2570107e-01 4.6268670e-01 5.5499850e-01 6.1962300e-01 6.8885870e-01 8.1505360e-01 8.4709600e-01
8.2614494e-01 4.6181580e-01 5.5420220e-01 6.1889800e-01 6.8816640e-01 8.1460610e-01 8.4660160e-01
8.2658756e-01 4.6098630e-01 5.5339180e-01 6.1819590e-01 6.8759640e-01 8.1408410e-01 8.4624000e-01
8.2702892e-01 4.6012410e-01 5.5259960e-01 6.1743730e-01 6.8697260e-01 8.1365460e-01 8.4586130e-01
8.2746903e-01 4.5925450e-01 5.5179640e-01 6.1670940e-01 6.8624350e-01 8.1326360e-01 8.4554870e-01
8.2790789e-01 4.5840980e-01 5.5099160e-01 6.1603280e-01 6.8567120e-01 8.1269000e-01 8.4511670e-01
8.2834550e-01 4.5754840e-01 5.5018730e-01 6.1530680e-01 6.8512610e-01 8.1215350e-01 8.4470340e-01
8.2878187e-01 4.5669110e-01 5.4937400e-01 6.1452670e-01 6.8445810e-01 8.1177180e-01 8.4424480e-01
8.2921699e-01 4.5583250e-01 5.4857470e-01 6.1382620e-01 6.8380600e-01 8.1128610e-01 8.4402790e-01
8.2965087e-01 4.5497990e-01 5.4776390e-01 6.1306860e-01 6.8320740e-01 8.1081100e-01 8.4349030e-01
8.3008350e-01 4.5415740e-01 5.4695880e-01 6.1235250e-01 6.8259620e-01 8.1034730e-01 8.4317160e-01
8.3051490e-01 4.5328550e-01 5.4614700e-01 6.1161580e-01 6.8191420e-01 8.0983540e-01 8.4275990e-01
8.3094506e-01 4.5241130e-01 5.4534800e-01 6.1088370e-01 6.8128220e-01 8.0940820e-01 8.4229920e-01
8.3137398e-01 4.5156060e-01 5.4454310e-01 6.1018320e-01 6.8072770e-01 8.0895310e-01 8.4203270e-01
8.3180167e-01 4.5072630e-01 5.4373080e-01 6.0940750e-01 6.7999350e-01 8.0839530e-01 8.4162580e-01
8.3222813e-01 4.4986710e-01 5.4292080e-01 6.0868970e-01 6.7939090e-01 8.0793430e-01 8.4123760e-01
8.3265337e-01 4.4900550e-01 5.4212070e-01 6.0797150e-01 6.7886090e-01 8.0743820e-01 8.4073360e-01
8.3307737e-01 4.4814390e-01 5.4131630e-01 6.0725540e-01 6.7819890e-01 8.0695800e-01 8.4049510e-01
8.3350015e-01 4.4728840e-01 5.4051950e-01 6.0647430e-01 6.7746640e-01 8.0645800e-01 8.4010780e-01
8.3392170e-01 4.4645050e-01 5.3971300e-01 6.0579880e-01 6.7694220e-01 8.0598980e-01 8.3959480e-01
8.3434203e-01 4.4559450e-01 5.3889390e-01 6.0505940e-01 6.7630710e-01 8.0556130e-01 8.3929830e-01
8.3476114e-01 4.4474020e-01 5.3807620e-01 6.0426790e-01 6.7565360e-01 8.0506990e-01 8.3894780e-01
8.3517904e-01 4.4387090e-01 5.3727710e-01 6.0358830e-01 6.7500500e-01 8.0454040e-01 8.3843510e-01
8.3559572e-01 4.4301870e-01 5.3647080e-01 6.0281540e-01 6.7438620e-01 8.0404170e-01 8.3798390e-01
8.3601118e-01 4.4218560e-01 5.3565260e-01 6.0205630e-01 6.7376480e-01 8.0358280e-01 8.3769670e-01
8.3642543e-01 4.4133960e-01 5.3486430e-01 6.0139230e-01 6.7307980e-01 8.0311850e-01 8.3721760e-01
8.3683847e-01 4.4048160e-01 5.3404940e-01 6.0064430e-01 6.7246160e-01 8.0260640e-01 8.3679230e-01
8.3725030e-01 4.3961430e-01 5.3323330e-01 5.9984840e-01 6.7187930e-01 8.0213340e-01 8.3641220e-01
8.3766092e-01 4.3879940e-01 5.3243450e-01 5.9914760e-01 6.7121460e-01 8.0155520e-01 8.3606190e-01
8.3807034e-01 4.3795730e-01 5.3161870e-01 5.9842620e-01 6.7056800e-01 8.0104210e-01 8.3559130e-01
8.3847855e-01 4.3707550e-01 5.3081020e-01 5.9771640e-01 6.7001840e-01 8.0062330e-01 8.3527000e-01
8.3888556e-01 4.3622080e-01 5.2999310e-01 5.9693980e-01 6.6931410e-01 8.0015620e-01 8.3484660e-01
8.3929137e-01 4.3539830e-01 5.2918350e-01 5.9620220e-01 6.6867420e-01 7.9960830e-01 8.3433360e-01
8.3969598e-01 4.3452100e-01 5.2839620e-01 5.9549300e-01 6.6803190e-01 7.9909160e-01 8.3403560e-01
8.4009939e-01 4.3369530e-01 5.2757840e-01 5.9469930e-01 6.6742030e-01 7.9858950e-01 8.3352200e-01
8.4050161e-01 4.3283940e-01 5.2675860e-01 5.9396530e-01 6.6675560e-01 7.9817070e-01 8.3331000e-01
8.4090264e-01 4.3198770e-01 5.2595600e-01 5.9328150e-01 6.6613810e-01 7.9764930e-01 8.3283070e-01
8.4130247e-01 4.3114760e-01 5.2512810e-01 5.9245370e-01 6.6546730e-01 7.9715570e-01 8.3245400e-01
8.4170112e-01 4.3030250e-01 5.2432430e-01 5.9175020e-01 6.6489360e-01 7.9660520e-01 8.3192060e-01
8.4209857e-01 4.2944300e-01 5.2353480e-01 5.9106350e-01 6.6419730e-01 7.9601160e-01 8.3158860e-01
8.4249484e-01 4.2858390e-01 5.2269940e-01 5.9023830e-01 6.6357360e-01 7.9562770e-01 8.3111570e-01
8.4288993e-01 4.2778100e-01 5.2189140e-01 5.8953340e-01 6.6290720e-01 7.9514110e-01 8.3077230e-01
8.4328383e-01 4.2691550e-01 5.2109170e-01 5.8880390e-01 6.6223730e-01 7.9456000e-01 8.3035690e-01
8.4367655e-01 4.2605640e-01 5.2026680e-01 5.8805970e-01 6.6168180e-01 7.9406950e-01 8.2984420e-01
8.4406809e-01 4.2522120e-01 5.1946670e-01 5.8732770e-01 6.6098850e-01 7.9355580e-01 8.2946680e-01
8.4445845e-01 4.2437480e-01 5.1863760e-01 5.8656260e-01 6.6030690e-01 7.9311990e-01 8.2897390e-01
8.4484763e-01 4.2353090e-01 5.1785010e-01 5.8586950e-01 6.5972920e-01 7.9253940e-01 8.2872210e-01
8.4523564e-01 4.2268460e-01 5.1702180e-01 5.8509330e-01 6.5909610e-01 7.9207350e-01 8.2816510e-01
8.4562247e-01 4.2184480e-01 5.1620990e-01 5.8432290e-01 6.5838820e-01 7.9148090e-01 8.2783980e-01
8.4600814e-01 4.2100860e-01 5.1541480e-01 5.8362310e-01 6.5780980e-01 7.9101510e-01 8.2748750e-01
8.4639263e-01 4.2016470e-01 5.1457910e-01 5.8286310e-01 6.5713490e-01 7.9046840e-01 8.2689330e-01
8.4677596e-01 4.1931730e-01 5.1376820e-01 5.8210360e-01 6.5649240e-01 7.8994830e-01 8.2648640e-01
8.4715811e-01 4.1847230e-01 5.1297490e-01 5.8137900e-01 6.5585760e-01 7.8937610e-01 8.2622980e-01
8.4753910e-01 4.1764780e-01 5.1216110e-01 5.8060720e-01 6.5521620e-01 7.8899210e-01 8.2575600e-01
8.4791893e-01 4.1677110e-01 5.1132390e-01 5.7987500e-01 6.5456470e-01 7.8835620e-01 8.2522260e-01
8.4829760e-01 4.1592910e-01 5.1051370e-01 5.7913430e-01 6.5389770e-01 7.8792440e-01 8.2473930e-01
8.4867510e-01 4.1509840e-01 5.0970980e-01 5.7835490e-01 6.5322970e-01 7.8735110e-01 8.2440300e-01
8.4905145e-01 4.1427350e-01 5.0887300e-01 5.7760070e-01 6.5264570e-01 7.8686600e-01 8.2412870e-01
8.4942663e-01 4.1340850e-01 5.0806860e-01 5.7688000e-01 6.5193960e-01 7.8632290e-01 8.2357980e-01
8.4980066e-01 4.1258550e-01 5.0724400e-01 5.7611470e-01 6.5127140e-01 7.8576540e-01 8.2306470e-01
8.5017354e-01 4.1173150e-01 5.0643050e-01 5.7535690e-01 6.5062790e-01 7.8527620e-01 8.2273930e-01
8.5054526e-01 4.1090630e-01 5.0563010e-01 5.7463130e-01 6.5000020e-01 7.8470950e-01 8.2227160e-01
8.5091584e-01 4.1004620e-01 5.0480160e-01 5.7388740e-01 6.4931830e-01 7.8424570e-01 8.2175250e-01
8.5128526e-01 4.0922870e-01 5.0398670e-01 5.7312940e-01 6.4871850e-01 7.8369440e-01 8.2137940e-01
8.5165353e-01 4.0838180e-01 5.0318180e-01 5.7236270e-01 6.4799980e-01 7.8311480e-01 8.2100780e-01
8.5202065e-01 4.0754940e-01 5.0234710e-01 5.7160840e-01 6.4736030e-01 7.8252160e-01 8.2051170e-01
8.5238663e-01 4.0672400e-01 5.0153830e-01 5.7085160e-01 6.4674790e-01 7.8210130e-01 8.2019520e-01
8.5275147e-01 4.0587260e-01 5.0073140e-01 5.7012770e-01 6.4607360e-01 7.8150660e-01 8.1965540e-01
8.5311516e-01 4.0500930e-01 4.9990370e-01 5.6935800e-01 6.4540980e-01 7.8098890e-01 8.1912720e-01
8.5347771e-01 4.0418600e-01 4.9908390e-01 5.6858270e-01 6.4477990e-01 7.8036250e-01 8.1876470e-01
8.5383913e-01 4.0334940e-01 4.9827470e-01 5.6785950e-01 6.4409220e-01 7.7993070e-01 8.1831560e-01
8.5419940e-01 4.0249530e-01 4.9743790e-01 5.6708530e-01 6.4338770e-01 7.7930660e-01 8.1795980e-01
8.5455853e-01 4.0164010e-01 4.9662700e-01 5.6633880e-01 6.4280230e-01 7.7882050e-01 8.1742640e-01
8.5491654e-01 4.0081560e-01 4.9581850e-01 5.6561400e-01 6.4210710e-01 7.7829070e-01 8.1697890e-01
8.5527340e-01 3.9999110e-01 4.9499330e-01 5.6480090e-01 6.4145510e-01 7.7764770e-01 8.1655400e-01
8.5562914e-01 3.9913950e-01 4.9417390e-01 5.6408540e-01 6.4082620e-01 7.7714660e-01 8.1608660e-01
8.5598374e-01 3.9830860e-01 4.9335100e-01 5.6328100e-01 6.4011370e-01 7.7663270e-01 8.1559960e-01
8.5633721e-01 3.9746120e-01 4.9253140e-01 5.6252610e-01 6.3946460e-01 7.7607990e-01 8.1522230e-01
8.5668956e-01 3.9664050e-01 4.9170720e-01 5.6180650e-01 6.3884030e-01 7.7554290e-01 8.1486920e-01
8.5704077e-01 3.9582380e-01 4.9088510e-01 5.6102100e-01 6.3815840e-01 7.7494660e-01 8.1436260e-01
8.5739086e-01 3.9497860e-01 4.9006560e-01 5.6027640e-01 6.3751200e-01 7.7447520e-01 8.1380430e-01
8.5773983e-01 3.9413420e-01 4.8924890e-01 5.5952230e-01 6.3678350e-01 7.7379840e-01 8.1344970e-01
8.5808767e-01 3.9333060e-01 4.8841760e-01 5.5875360e-01 6.3615470e-01 7.7334290e-01 8.1287610e-01
8.5843440e-01 3.9246920e-01 4.8759630e-01 5.5799530e-01 6.3553380e-01 7.7269780e-01 8.1257940e-01
8.5878000e-01 3.9163420e-01 4.8678290e-01 5.5718710e-01 6.3479600e-01 7.7219890e-01 8.1206670e-01
8.5912448e-01 3.9081570e-01 4.8595010e-01 5.5648790e-01 6.3415480e-01 7.7163930e-01 8.1147250e-01
8.5946785e-01 3.8995530e-01 4.8513430e-01 5.5571360e-01 6.3348110e-01 7.7106240e-01 8.1107770e-01
8.5981010e-01 3.8911950e-01 4.8431290e-01 5.5493430e-01 6.3282090e-01 7.7049440e-01 8.1051940e-01
8.6015123e-01 3.8830190e-01 4.8348290e-01 5.5414630e-01 6.3214840e-01 7.6986350e-01 8.1023330e-01
8.6049126e-01 3.8746390e-01 4.8265090e-01 5.5337060e-01 6.3146410e-01 7.6939000e-01 8.0974100e-01
8.6083017e-01 3.8660800e-01 4.8183020e-01 5.5267250e-01 6.3080300e-01 7.6877120e-01 8.0926170e-01
8.6116796e-01 3.8579050e-01 4.8100340e-01 5.5186030e-01 6.3018060e-01 7.6814100e-01 8.0884880e-01
8.6150465e-01 3.8494620e-01 4.8018650e-01 5.5110630e-01 6.2948410e-01 7.6766010e-01 8.0825450e-01
8.6184023e-01 3.8410630e-01 4.7935720e-01 5.5032860e-01 6.2874210e-01 7.6702060e-01 8.0785190e-01
8.6217471e-01 3.8328370e-01 4.7852930e-01 5.4957420e-01 6.2811110e-01 7.6649410e-01 8.0749570e-01
8.6250807e-01 3.8246970e-01 4.7770170e-01 5.4882740e-01 6.2745010e-01 7.6588270e-01 8.0690150e-01
8.6284034e-01 3.8164080e-01 4.7688670e-01 5.4804330e-01 6.2678910e-01 7.6534300e-01 8.0649950e-01
8.6317150e-01 3.8081180e-01 4.7605850e-01 5.4727620e-01 6.2610490e-01 7.6478720e-01 8.0595060e-01
8.6350156e-01 3.7994960e-01 4.7522690e-01 5.4649720e-01 6.2543380e-01 7.6415250e-01 8.0549220e-01
8.6383051e-01 3.7910270e-01 4.7439570e-01 5.4571470e-01 6.2471600e-01 7.6356460e-01 8.0510310e-01
8.6415837e-01 3.7830670e-01 4.7356710e-01 5.4494260e-01 6.2406570e-01 7.6304840e-01 8.0456550e-01
8.6448513e-01 3.7745910e-01 4.7274880e-01 5.4417750e-01 6.2336550e-01 7.6241040e-01 8.0415340e-01
8.6481080e-01 3.7665330e-01 4.7191480e-01 5.4338910e-01 6.2267560e-01 7.6184290e-01 8.0360450e-01
8.6513536e-01 3.7580770e-01 4.7108980e-01 5.4261720e-01 6.2200780e-01 7.6123610e-01 8.0306690e-01
8.6545884e-01 3.7496010e-01 4.7024810e-01 5.4187390e-01 6.2136730e-01 7.6069650e-01 8.0268730e-01
8.6578122e-01 3.7414760e-01 4.6941550e-01 5.4109980e-01 6.2070800e-01 7.6004650e-01 8.0230060e-01
8.6610251e-01 3.7329580e-01 4.6860240e-01 5.4032850e-01 6.2001490e-01 7.5951210e-01 8.0176070e-01
8.6642270e-01 3.7247980e-01 4.6776140e-01 5.3952640e-01 6.1929580e-01 7.5886640e-01 8.0120240e-01
8.6674181e-01 3.7166250e-01 4.6693170e-01 5.3875510e-01 6.1861390e-01 7.5822950e-01 8.0067430e-01
8.6705983e-01 3.7082820e-01 4.6610570e-01 5.3799280e-01 6.1796930e-01 7.5771920e-01 8.0027430e-01
8.6737676e-01 3.6997560e-01 4.6526800e-01 5.3720200e-01 6.1726890e-01 7.5704470e-01 7.9973670e-01
8.6769261e-01 3.6916060e-01 4.6444050e-01 5.3645460e-01 6.1653020e-01 7.5655110e-01 7.9918780e-01
8.6800737e-01 3.6831210e-01 4.6359820e-01 5.3566070e-01 6.1586760e-01 7.5589740e-01 7.9872860e-01
8.6832105e-01 3.6749230e-01 4.6277500e-01 5.3487880e-01 6.1524090e-01 7.5532150e-01 7.9828070e-01
8.6863365e-01 3.6666360e-01 4.6193890e-01 5.3411350e-01 6.1445920e-01 7.5472100e-01 7.9790110e-01
8.6894516e-01 3.6582040e-01 4.6110110e-01 5.3328870e-01 6.1380190e-01 7.5411910e-01 7.9732760e-01
8.6925560e-01 3.6502410e-01 4.6027030e-01 5.3253050e-01 6.1311120e-01 7.5346360e-01 7.9673340e-01
8.6956495e-01 3.6417590e-01 4.5943200e-01 5.3173640e-01 6.1242890e-01 7.5285930e-01 7.9633560e-01
8.6987323e-01 3.6334860e-01 4.5860640e-01 5.3096740e-01 6.1170400e-01 7.5234330e-01 7.9576210e-01
8.7018043e-01 3.6253730e-01 4.5776690e-01 5.3018340e-01 6.1101730e-01 7.5163260e-01 7.9524850e-01
8.7048656e-01 3.6169850e-01 4.5694600e-01 5.2938850e-01 6.1035600e-01 7.5095670e-01 7.9485380e-01
8.7079161e-01 3.6090790e-01 4.5609630e-01 5.2864380e-01 6.0961670e-01 7.5044900e-01 7.9430350e-01
8.7109559e-01 3.6005140e-01 4.5525480e-01 5.2782030e-01 6.0896880e-01 7.4980250e-01 7.9370930e-01
8.7139849e-01 3.5919920e-01 4.5440950e-01 5.2706170e-01 6.0827190e-01 7.4913500e-01 7.9323550e-01
8.7170033e-01 3.5839420e-01 4.5359020e-01 5.2623460e-01 6.0754750e-01 7.4851500e-01 7.9262480e-01
8.7200109e-01 3.5754440e-01 4.5273760e-01 5.2548080e-01 6.0688970e-01 7.4789040e-01 7.9212730e-01
8.7230079e-01 3.5672270e-01 4.5189040e-01 5.2467500e-01 6.0615000e-01 7.4726180e-01 7.9181380e-01
8.7259942e-01 3.5590710e-01 4.5107220e-01 5.2388650e-01 6.0547330e-01 7.4659590e-01 7.9121960e-01
8.7289698e-01 3.5506090e-01 4.5022460e-01 5.2310580e-01 6.0474940e-01 7.4604430e-01 7.9072670e-01
8.7319348e-01 3.5425490e-01 4.4938450e-01 5.2230190e-01 6.0411770e-01 7.4532180e-01 7.9026810e-01
8.7348891e-01 3.5339630e-01 4.4853990e-01 5.2151100e-01 6.0336910e-01 7.4480920e-01 7.8973470e-01
8.7378328e-01 3.5257540e-01 4.4769590e-01 5.2071780e-01 6.0267910e-01 7.4405520e-01 7.8916120e-01
8.7407659e-01 3.5177260e-01 4.4686630e-01 5.1993820e-01 6.0198490e-01 7.4350360e-01 7.8862130e-01
8.7436884e-01 3.5093260e-01 4.4602370e-01 5.1912120e-01 6.0126700e-01 7.4283540e-01 7.8813510e-01
8.7466002e-01 3.5009710e-01 4.4517600e-01 5.1835960e-01 6.0057680e-01 7.4214940e-01 7.8765830e-01
8.7495015e-01 3.4928600e-01 4.4432690e-01 5.1753350e-01 5.9984340e-01 7.4154830e-01 7.8711840e-01
8.7523922e-01 3.4845730e-01 4.4348510e-01 5.1676170e-01 5.9913780e-01 7.4096450e-01 7.8656950e-01
8.7552723e-01 3.4762430e-01 4.4264370e-01 5.1593180e-01 5.9836410e-01 7.4029000e-01 7.8594320e-01
8.7581419e-01 3.4679500e-01 4.4179910e-01 5.1517010e-01 5.9772390e-01 7.3960860e-01 7.8543920e-01
8.7610009e-01 3.4595850e-01 4.4095440e-01 5.1434740e-01 5.9702800e-01 7.3894270e-01 7.8491010e-01
8.7638493e-01 3.4513240e-01 4.4009750e-01 5.1356040e-01 5.9625100e-01 7.3827550e-01 7.8436130e-01
8.7666873e-01 3.4429460e-01 4.3926380e-01 5.1274470e-01 5.9561590e-01 7.3769530e-01 7.8390200e-01
8.7695147e-01 3.4348490e-01 4.3841200e-01 5.1195300e-01 5.9479990e-01 7.3698600e-01 7.8340760e-01
8.7723316e-01 3.4264780e-01 4.3756030e-01 5.1112620e-01 5.9417690e-01 7.3635510e-01 7.8289460e-01
8.7751381e-01 3.4183560e-01 4.3671000e-01 5.1033830e-01 5.9336080e-01 7.3559180e-01 7.8235480e-01
8.7779340e-01 3.4100980e-01 4.3586840e-01 5.0953060e-01 5.9273780e-01 7.3500530e-01 7.8182560e-01
8.7807195e-01 3.4017010e-01 4.3501640e-01 5.0873350e-01 5.9195740e-01 7.3427920e-01 7.8117860e-01
8.7834945e-01 3.3935340e-01 4.3415870e-01 5.0795570e-01 5.9129710e-01 7.3364960e-01 7.8056280e-01
8.7862590e-01 3.3852270e-01 4.3331110e-01 5.0711880e-01 5.9054340e-01 7.3302330e-01 7.8007960e-01
8.7890131e-01 3.3769030e-01 4.3245510e-01 5.0632320e-01 5.8979020e-01 7.3232170e-01 7.7948530e-01
8.7917567e-01 3.3687740e-01 4.3161360e-01 5.0550840e-01 5.8908550e-01 7.3160270e-01 7.7893550e-01
8.7944900e-01 3.3602760e-01 4.3076310e-01 5.0471320e-01 5.8836600e-01 7.3093510e-01 7.7846170e-01
8.7972128e-01 3.3521570e-01 4.2991000e-01 5.0387870e-01 5.8764250e-01 7.3022610e-01 7.7786750e-01
8.7999252e-01 3.3441640e-01 4.2904650e-01 5.0308340e-01 5.8692700e-01 7.2961480e-01 7.7733540e-01
8.8026272e-01 3.3357520e-01 4.2820150e-01 5.0224940e-01 5.8620350e-01 7.2890330e-01 7.7676190e-01
8.8053188e-01 3.3276880e-01 4.2734090e-01 5.0145910e-01 5.8548180e-01 7.2817700e-01 7.7625100e-01
8.8080000e-01 3.3190340e-01 4.2648260e-01 5.0062750e-01 5.8477380e-01 7.2750270e-01 7.7565670e-01
8.8106709e-01 3.3108990e-01 4.2563110e-01 4.9982770e-01 5.8398840e-01 7.2679210e-01 7.7507710e-01
8.8133314e-01 3.3027710e-01 4.2475290e-01 4.9899300e-01 5.8325470e-01 7.2615550e-01 7.7453730e-01
8.8159815e-01 3.2943140e-01 4.2390080e-01 4.9819790e-01 5.8254940e-01 7.2544580e-01 7.7395510e-01
8.8186213e-01 3.2858380e-01 4.2303930e-01 4.9737650e-01 5.8181000e-01 7.2471730e-01 7.7336080e-01
8.8212508e-01 3.2779210e-01 4.2218750e-01 4.9655700e-01 5.8107850e-01 7.2400570e-01 7.7278730e-01
8.8238699e-01 3.2695210e-01 4.2133260e-01 4.9571720e-01 5.8032910e-01 7.2332060e-01 7.7224740e-01
8.8264788e-01 3.2614740e-01 4.2047090e-01 4.9490050e-01 5.7958340e-01 7.2259360e-01 7.7160090e-01
8.8290773e-01 3.2528880e-01 4.1961760e-01 4.9408330e-01 5.7884160e-01 7.2183120e-01 7.7103540e-01
8.8316655e-01 3.2445810e-01 4.1873520e-01 4.9325260e-01 5.7811530e-01 7.2115580e-01 7.7037430e-01
8.8342435e-01 3.2365470e-01 4.1787200e-01 4.9242140e-01 5.7735490e-01 7.2049110e-01 7.6987030e-01
8.8368111e-01 3.2280140e-01 4.1700930e-01 4.9159990e-01 5.7664020e-01 7.1976160e-01 7.6932570e-01
8.8393685e-01 3.2196000e-01 4.1614820e-01 4.9075470e-01 5.7583850e-01 7.1899920e-01 7.6873150e-01
8.8419157e-01 3.2116140e-01 4.1528670e-01 4.8994380e-01 5.7515070e-01 7.1827930e-01 7.6808450e-01
8.8444525e-01 3.2031040e-01 4.1441150e-01 4.8910140e-01 5.7433490e-01 7.1760160e-01 7.6752820e-01
8.8469792e-01 3.1952040e-01 4.1354150e-01 4.8828680e-01 5.7369360e-01 7.1683920e-01 7.6688780e-01
8.8494956e-01 3.1867830e-01 4.1267530e-01 4.8742910e-01 5.7283170e-01 7.1607590e-01 7.6633890e-01
8.8520018e-01 3.1783970e-01 4.1180810e-01 4.8662230e-01 5.7214260e-01 7.1539080e-01 7.6571130e-01
8.8544977e-01 3.1703960e-01 4.1094830e-01 4.8577890e-01 5.7139230e-01 7.1462750e-01 7.6517180e-01
8.8569835e-01 3.1620570e-01 4.1006580e-01 4.8495360e-01 5.7061040e-01 7.1386510e-01 7.6449690e-01
8.8594591e-01 3.1535200e-01 4.0919990e-01 4.8411090e-01 5.6985920e-01 7.1314880e-01 7.6381930e-01
8.8619244e-01 3.1453950e-01 4.0832110e-01 4.8327720e-01 5.6910330e-01 7.1238640e-01 7.6321770e-01
8.8643796e-01 3.1367830e-01 4.0744630e-01 4.8244130e-01 5.6836020e-01 7.1166650e-01 7.6269850e-01
8.8668246e-01 3.1285470e-01 4.0656990e-01 4.8159430e-01 5.6762900e-01 7.1082000e-01 7.6208780e-01
8.8692595e-01 3.1203840e-01 4.0568790e-01 4.8073800e-01 5.6679430e-01 7.1009150e-01 7.6149360e-01
8.8716842e-01 3.1121070e-01 4.0482250e-01 4.7990480e-01 5.6610110e-01 7.0932820e-01 7.6069850e-01
8.8740987e-01 3.1036120e-01 4.0393910e-01 4.7907200e-01 5.6532210e-01 7.0853800e-01 7.6014440e-01
8.8765031e-01 3.0956250e-01 4.0306960e-01 4.7819990e-01 5.6448120e-01 7.0777230e-01 7.5964990e-01
8.8788974e-01 3.0871260e-01 4.0219180e-01 4.7738440e-01 5.6381360e-01 7.0710410e-01 7.5900290e-01
8.8812815e-01 3.0787410e-01 4.0130210e-01 4.7651660e-01 5.6303990e-01 7.0634170e-01 7.5832530e-01
8.8836556e-01 3.0708320e-01 4.0043390e-01 4.7567280e-01 5.6219170e-01 7.0553980e-01 7.5767120e-01
8.8860195e-01 3.0622670e-01 3.9954000e-01 4.7482440e-01 5.6144230e-01 7.0472480e-01 7.5692650e-01
8.8883733e-01 3.0539660e-01 3.9865920e-01 4.7397660e-01 5.6070600e-01 7.0396250e-01 7.5638660e-01
8.8907170e-01 3.0457800e-01 3.9778620e-01 4.7311110e-01 5.5987810e-01 7.0317130e-01 7.5577080e-01
8.8930507e-01 3.0372160e-01 3.9688730e-01 4.7226510e-01 5.5913490e-01 7.0240800e-01 7.5524170e-01
8.8953742e-01 3.0289750e-01 3.9600800e-01 4.7141570e-01 5.5837670e-01 7.0158210e-01 7.5459470e-01
8.8976878e-01 3.0208870e-01 3.9512010e-01 4.7053920e-01 5.5748140e-01 7.0073800e-01 7.5398400e-01
8.8999912e-01 3.0123830e-01 3.9424900e-01 4.6969430e-01 5.5682400e-01 6.9997470e-01 7.5316410e-01
8.9022846e-01 3.0038730e-01 3.9334230e-01 4.6883210e-01 5.5602340e-01 6.9918450e-01 7.5251000e-01
8.9045679e-01 2.9959250e-01 3.9244480e-01 4.6795240e-01 5.5516660e-01 6.9842120e-01 7.5189930e-01
8.9068412e-01 2.9873780e-01 3.9157150e-01 4.6711970e-01 5.5446730e-01 6.9757470e-01 7.5123080e-01
8.9091045e-01 2.9791710e-01 3.9068100e-01 4.6623560e-01 5.5362360e-01 6.9680520e-01 7.5054300e-01
8.9113578e-01 2.9709470e-01 3.8978360e-01 4.6537070e-01 5.5286470e-01 6.9591430e-01 7.4998890e-01
8.9136010e-01 2.9622490e-01 3.8888090e-01 4.6451890e-01 5.5210340e-01 6.9515100e-01 7.4938600e-01
8.9158343e-01 2.9541060e-01 3.8799590e-01 4.6362310e-01 5.5120180e-01 6.9430450e-01 7.4864830e-01
8.9180575e-01 2.9456730e-01 3.8709280e-01 4.6276900e-01 5.5048750e-01 6.9350350e-01 7.4804180e-01
8.9202708e-01 2.9373250e-01 3.8618590e-01 4.6189950e-01 5.4969870e-01 6.9267610e-01 7.4723860e-01
8.9224740e-01 2.9288680e-01 3.8529920e-01 4.6103150e-01 5.4889800e-01 6.9177310e-01 7.4656520e-01
8.9246673e-01 2.9206750e-01 3.8440490e-01 4.6016000e-01 5.4814730e-01 6.9100050e-01 7.4596770e-01
8.9268507e-01 2.9123120e-01 3.8351430e-01 4.5928460e-01 5.4726180e-01 6.9018160e-01 7.4513240e-01
8.9290240e-01 2.9038690e-01 3.8259740e-01 4.5841310e-01 5.4650180e-01 6.8927100e-01 7.4448100e-01
8.9311874e-01 2.8953970e-01 3.8170450e-01 4.5751450e-01 5.4569950e-01 6.8845350e-01 7.4387440e-01
8.9333409e-01 2.8874590e-01 3.8079750e-01 4.5663910e-01 5.4483170e-01 6.8764000e-01 7.4321750e-01
8.9354844e-01 2.8789550e-01 3.7987990e-01 4.5576600e-01 5.4410260e-01 6.8676560e-01 7.4239780e-01
8.9376180e-01 2.8703860e-01 3.7897960e-01 4.5487320e-01 5.4330100e-01 6.8596700e-01 7.4172500e-01
8.9397417e-01 2.8619790e-01 3.7806520e-01 4.5397130e-01 5.4235090e-01 6.8508300e-01 7.4099880e-01
8.9418554e-01 2.8537470e-01 3.7715960e-01 4.5309910e-01 5.4165020e-01 6.8412980e-01 7.4032750e-01
8.9439592e-01 2.8453140e-01 3.7623970e-01 4.5220150e-01 5.4081920e-01 6.8329160e-01 7.3959920e-01
8.9460532e-01 2.8368880e-01 3.7532250e-01 4.5129950e-01 5.3997060e-01 6.8236300e-01 7.3894690e-01
8.9481372e-01 2.8282910e-01 3.7442150e-01 4.5041350e-01 5.3913770e-01 6.8155190e-01 7.3812530e-01
8.9502113e-01 2.8199070e-01 3.7348310e-01 4.4951010e-01 5.3833050e-01 6.8058470e-01 7.3745180e-01
8.9522756e-01 2.8115210e-01 3.7256100e-01 4.4861470e-01 5.3751170e-01 6.7977050e-01 7.3685220e-01
8.9543300e-01 2.8030930e-01 3.7164760e-01 4.4769710e-01 5.3667530e-01 6.7883990e-01 7.3601700e-01
8.9563745e-01 2.7945860e-01 3.7073550e-01 4.4679010e-01 5.3576430e-01 6.7794880e-01 7.3529290e-01
8.9584091e-01 2.7860970e-01 3.6980820e-01 4.4588840e-01 5.3498710e-01 6.7697570e-01 7.3455660e-01
8.9604339e-01 2.7775790e-01 3.6886270e-01 4.4498430e-01 5.3421990e-01 6.7608490e-01 7.3373540e-01
8.9624488e-01 2.7691850e-01 3.6794000e-01 4.4406350e-01 5.3329990e-01 6.7516350e-01 7.3302360e-01
8.9644539e-01 2.7604570e-01 3.6700150e-01 4.4313860e-01 5.3243690e-01 6.7421980e-01 7.3225470e-01
8.9664492e-01 2.7521400e-01 3.6607230e-01 4.4221320e-01 5.3155020e-01 6.7329000e-01 7.3144570e-01
8.9684346e-01 2.7435580e-01 3.6512660e-01 4.4130250e-01 5.3076410e-01 6.7236140e-01 7.3077240e-01
8.9704102e-01 2.7348900e-01 3.6418570e-01 4.4036230e-01 5.2987980e-01 6.7138650e-01 7.3004410e-01
8.9723760e-01 2.7264640e-01 3.6324120e-01 4.3944950e-01 5.2905270e-01 6.7044930e-01 7.2912620e-01
8.9743320e-01 2.7177690e-01 3.6229700e-01 4.3850030e-01 5.2813800e-01 6.6944140e-01 7.2839670e-01
8.9762781e-01 2.7089470e-01 3.6134040e-01 4.3757270e-01 5.2733600e-01 6.6853980e-01 7.2767110e-01
8.9782145e-01 2.7003720e-01 3.6038850e-01 4.3662950e-01 5.2647340e-01 6.6756790e-01 7.2678590e-01
8.9801411e-01 2.6918410e-01 3.5943860e-01 4.3569510e-01 5.2555820e-01 6.6656460e-01 7.2611040e-01
8.9820579e-01 2.6833020e-01 3.5850150e-01 4.3475000e-01 5.2464320e-01 6.6553780e-01 7.2522630e-01
8.9839649e-01 2.6747620e-01 3.5752530e-01 4.3379960e-01 5.2378590e-01 6.6455650e-01 7.2443330e-01
8.9858622e-01 2.6661810e-01 3.5656490e-01 4.3285010e-01 5.2292690e-01 6.6349810e-01 7.2351470e-01
8.9877496e-01 2.6574350e-01 3.5561020e-01 4.3188520e-01 5.2202010e-01 6.6256370e-01 7.2285120e-01
8.9896274e-01 2.6485140e-01 3.5463360e-01 4.3093990e-01 5.2116810e-01 6.6150620e-01 7.2181570e-01
8.9914953e-01 2.6397680e-01 3.5366570e-01 4.2997280e-01 5.2024510e-01 6.6048870e-01 7.2112390e-01
8.9933535e-01 2.6310200e-01 3.5269870e-01 4.2900820e-01 5.1930820e-01 6.5946100e-01 7.2023380e-01
8.9952020e-01 2.6223300e-01 3.5170740e-01 4.2803090e-01 5.1842260e-01 6.5849620e-01 7.1938290e-01
8.9970407e-01 2.6135140e-01 3.5073460e-01 4.2706170e-01 5.1747320e-01 6.5738600e-01 7.1852750e-01
8.9988697e-01 2.6049270e-01 3.4976200e-01 4.2607730e-01 5.1658230e-01 6.5628540e-01 7.1769830e-01
9.0006890e-01 2.5960390e-01 3.4876370e-01 4.2509830e-01 5.1565660e-01 6.5523760e-01 7.1685890e-01
9.0024986e-01 2.5872710e-01 3.4777240e-01 4.2411570e-01 5.1478920e-01 6.5417560e-01 7.1594730e-01
9.0042984e-01 2.5783400e-01 3.4678570e-01 4.2313070e-01 5.1384230e-01 6.5310170e-01 7.1511650e-01
9.0060886e-01 2.5693410e-01 3.4578050e-01 4.2213180e-01 5.1291860e-01 6.5196600e-01 7.1426170e-01
9.0078690e-01 2.5605060e-01 3.4480110e-01 4.2113930e-01 5.1197130e-01 6.5090150e-01 7.1336200e-01
9.0096398e-01 2.5516190e-01 3.4378100e-01 4.2013250e-01 5.1102030e-01 6.4983710e-01 7.1236920e-01
9.0114008e-01 2.5427530e-01 3.4278060e-01 4.1912480e-01 5.1009300e-01 6.4872600e-01 7.1147150e-01
9.0131522e-01 2.5338120e-01 3.4176470e-01 4.1811640e-01 5.0916520e-01 6.4749870e-01 7.1058000e-01
9.0148939e-01 2.5246810e-01 3.4075000e-01 4.1710910e-01 5.0821800e-01 6.4639950e-01 7.0981030e-01
9.0166259e-01 2.5157650e-01 3.3974390e-01 4.1609220e-01 5.0726040e-01 6.4529860e-01 7.0875030e-01
9.0183483e-01 2.5067530e-01 3.3871180e-01 4.1506510e-01 5.0628150e-01 6.4412670e-01 7.0787090e-01
9.0200610e-01 2.4975910e-01 3.3769110e-01 4.1403590e-01 5.0532000e-01 6.4288190e-01 7.0696940e-01
9.0217640e-01 2.4887730e-01 3.3666300e-01 4.1300880e-01 5.0435020e-01 6.4173310e-01 7.0586830e-01
9.0234574e-01 2.4796860e-01 3.3562660e-01 4.1196860e-01 5.0335040e-01 6.4055060e-01 7.0495410e-01
9.0251411e-01 2.4704730e-01 3.3460060e-01 4.1093220e-01 5.0239010e-01 6.3936720e-01 7.0400100e-01
9.0268153e-01 2.4613960e-01 3.3354440e-01 4.0988480e-01 5.0142080e-01 6.3822310e-01 7.0311260e-01
9.0284797e-01 2.4523050e-01 3.3249890e-01 4.0882730e-01 5.0036800e-01 6.3702250e-01 7.0206190e-01
9.0301346e-01 2.4428770e-01 3.3146800e-01 4.0778240e-01 4.9937130e-01 6.3576640e-01 7.0096980e-01
9.0317798e-01 2.4337230e-01 3.3041090e-01 4.0671640e-01 4.9837700e-01 6.3458390e-01 7.0011520e-01
9.0334154e-01 2.4245780e-01 3.2935090e-01 4.0565940e-01 4.9739770e-01 6.3330280e-01 6.9902070e-01
9.0350414e-01 2.4152700e-01 3.2829240e-01 4.0458430e-01 4.9638280e-01 6.3206130e-01 6.9801980e-01
9.0366577e-01 2.4061760e-01 3.2722590e-01 4.0351250e-01 4.9541160e-01 6.3071240e-01 6.9695910e-01
9.0382645e-01 2.3966670e-01 3.2615600e-01 4.0243260e-01 4.9436580e-01 6.2952200e-01 6.9598800e-01
9.0398617e-01 2.3872250e-01 3.2507900e-01 4.0135360e-01 4.9335250e-01 6.2820090e-01 6.9500240e-01
9.0414493e-01 2.3780140e-01 3.2400340e-01 4.0025880e-01 4.9230570e-01 6.2689420e-01 6.9384850e-01
9.0430273e-01 2.3686690e-01 3.2292430e-01 3.9916210e-01 4.9122490e-01 6.2565870e-01 6.9282670e-01
9.0445957e-01 2.3589320e-01 3.2183840e-01 3.9806080e-01 4.9016710e-01 6.2434850e-01 6.9180370e-01
9.0461545e-01 2.3498280e-01 3.2074550e-01 3.9695410e-01 4.8915530e-01 6.2294100e-01 6.9077730e-01
9.0477038e-01 2.3401940e-01 3.1965240e-01 3.9584690e-01 4.8815440e-01 6.2165530e-01 6.8955100e-01
9.0492435e-01 2.3307010e-01 3.1855260e-01 3.9473390e-01 4.8707330e-01 6.2031130e-01 6.8848480e-01
9.0507736e-01 2.3210750e-01 3.1744430e-01 3.9359960e-01 4.8592990e-01 6.1899250e-01 6.8742050e-01
9.0522942e-01 2.3115200e-01 3.1632720e-01 3.9247860e-01 4.8491640e-01 6.1754640e-01 6.8634020e-01
9.0538052e-01 2.3018650e-01 3.1521630e-01 3.9133660e-01 4.8379790e-01 6.1615790e-01 6.8524550e-01
9.0553067e-01 2.2923340e-01 3.1408200e-01 3.9019930e-01 4.8272860e-01 6.1477590e-01 6.8412620e-01
9.0567986e-01 2.2826150e-01 3.1296120e-01 3.8904270e-01 4.8161790e-01 6.1329560e-01 6.8298080e-01
9.0582810e-01 2.2729150e-01 3.1181830e-01 3.8788540e-01 4.8051270e-01 6.1186510e-01 6.8176240e-01
9.0597539e-01 2.2626780e-01 3.1066840e-01 3.8671410e-01 4.7938340e-01 6.1037780e-01 6.8058940e-01
9.0612172e-01 2.2531070e-01 3.0952130e-01 3.8553690e-01 4.7827680e-01 6.0892340e-01 6.7949020e-01
9.0626710e-01 2.2431690e-01 3.0836620e-01 3.8434560e-01 4.7714860e-01 6.0744180e-01 6.7822330e-01
9.0641153e-01 2.2331460e-01 3.0718570e-01 3.8315380e-01 4.7600140e-01 6.0586960e-01 6.7687360e-01
9.0655500e-01 2.2231300e-01 3.0600550e-01 3.8194470e-01 4.7483660e-01 6.0428720e-01 6.7567600e-01
9.0669753e-01 2.2130740e-01 3.0481930e-01 3.8072270e-01 4.7362730e-01 6.0264110e-01 6.7435160e-01
9.0683910e-01 2.2029080e-01 3.0361950e-01 3.7949670e-01 4.7249670e-01 6.0101870e-01 6.7307730e-01
9.0697973e-01 2.1928280e-01 3.0240430e-01 3.7824590e-01 4.7123600e-01 5.9938110e-01 6.7164860e-01
9.0711940e-01 2.1825130e-01 3.0119490e-01 3.7699900e-01 4.7010170e-01 5.9775460e-01 6.7036970e-01
9.0725813e-01 2.1721180e-01 2.9996140e-01 3.7572680e-01 4.6883080e-01 5.9592150e-01 6.6890030e-01
9.0739590e-01 2.1615720e-01 2.9869920e-01 3.7444450e-01 4.6762090e-01 5.9425740e-01 6.6761940e-01
9.0753273e-01 2.1509850e-01 2.9746110e-01 3.7315860e-01 4.6634740e-01 5.9238620e-01 6.6609410e-01
9.0766861e-01 2.1403930e-01 2.9617880e-01 3.7184860e-01 4.6512300e-01 5.9057250e-01 6.6472190e-01
9.0780354e-01 2.1297930e-01 2.9491730e-01 3.7052730e-01 4.6383690e-01 5.8872910e-01 6.6317360e-01
9.0793753e-01 2.1190620e-01 2.9362030e-01 3.6918730e-01 4.6252750e-01 5.8677910e-01 6.6165340e-01
9.0807057e-01 2.1078440e-01 2.9231100e-01 3.6782530e-01 4.6121280e-01 5.8482150e-01 6.5997540e-01
9.0820266e-01 2.0971530e-01 2.9098600e-01 3.6646050e-01 4.5985800e-01 5.8282590e-01 6.5849420e-01
9.0833380e-01 2.0860310e-01 2.8964820e-01 3.6507490e-01 4.5855330e-01 5.8077410e-01 6.5687390e-01
9.0846400e-01 2.0751100e-01 2.8829840e-01 3.6368130e-01 4.5717240e-01 5.7873290e-01 6.5523660e-01
9.0859326e-01 2.0636090e-01 2.8693830e-01 3.6225610e-01 4.5578950e-01 5.7650780e-01 6.5345920e-01
9.0872157e-01 2.0523740e-01 2.8556630e-01 3.6081930e-01 4.5442100e-01 5.7438570e-01 6.5166490e-01
9.0884894e-01 2.0407180e-01 2.8416920e-01 3.5937110e-01 4.5300520e-01 5.7214460e-01 6.4995460e-01
9.0897536e-01 2.0292490e-01 2.8275580e-01 3.5789780e-01 4.5156680e-01 5.6982070e-01 6.4808050e-01
9.0910084e-01 2.0175110e-01 2.8134750e-01 3.5641480e-01 4.5012190e-01 5.6749770e-01 6.4625110e-01
9.0922537e-01 2.0058450e-01 2.7990230e-01 3.5490290e-01 4.4866180e-01 5.6505900e-01 6.4437490e-01
9.0934896e-01 1.9938510e-01 2.7841990e-01 3.5336660e-01 4.4709520e-01 5.6271460e-01 6.4230540e-01
9.0947161e-01 1.9817440e-01 2.7695400e-01 3.5181380e-01 4.4560060e-01 5.6018220e-01 6.4035930e-01
9.0959332e-01 1.9695580e-01 2.7543510e-01 3.5023100e-01 4.4406050e-01 5.5755320e-01 6.3827210e-01
9.0971409e-01 1.9572560e-01 2.7391420e-01 3.4862530e-01 4.4248530e-01 5.5477750e-01 6.3613620e-01
9.0983391e-01 1.9446980e-01 2.7235090e-01 3.4698730e-01 4.4088110e-01 5.5204640e-01 6.3397450e-01
9.0995280e-01 1.9319440e-01 2.7077000e-01 3.4532500e-01 4.3925780e-01 5.4909950e-01 6.3157640e-01
9.1007074e-01 1.9192050e-01 2.6916730e-01 3.4362340e-01 4.3756300e-01 5.4611830e-01 6.2930210e-01
9.1018775e-01 1.9060660e-01 2.6752060e-01 3.4188740e-01 4.3586500e-01 5.4286170e-01 6.2675130e-01
9.1030381e-01 1.8926570e-01 2.6586530e-01 3.4012240e-01 4.3413430e-01 5.3966940e-01 6.2410800e-01
9.1041893e-01 1.8790950e-01 2.6413240e-01 3.3830780e-01 4.3235060e-01 5.3626010e-01 6.2126400e-01
9.1053312e-01 1.8654370e-01 2.6240660e-01 3.3646250e-01 4.3050410e-01 5.3275490e-01 6.1856120e-01
9.1064637e-01 1.8512970e-01 2.6060450e-01 3.3455320e-01 4.2862700e-01 5.2903720e-01 6.1555070e-01
9.1075868e-01 1.8368750e-01 2.5878430e-01 3.3261880e-01 4.2671030e-01 5.2506070e-01 6.1248010e-01
9.1087005e-01 1.8223430e-01 2.5691570e-01 3.3061740e-01 4.2472350e-01 5.2029540e-01 6.0943000e-01
9.1098048e-01 1.8073510e-01 2.5497610e-01 3.2855320e-01 4.2266840e-01 5.1437300e-01 6.0601110e-01
9.1108997e-01 1.7919180e-01 2.5298700e-01 3.2642900e-01 4.2055240e-01 5.0653680e-01 6.0155730e-01
9.1119853e-01 1.7760560e-01 2.5095190e-01 3.2423040e-01 4.1839600e-01 4.9582470e-01 5.9541450e-01
9.1130615e-01 1.7598310e-01 2.4882740e-01 3.2196590e-01 4.1612150e-01 4.8144460e-01 5.8604700e-01
9.1141284e-01 1.7430720e-01 2.4664360e-01 3.1961330e-01 4.1379380e-01 4.6285430e-01 5.7198460e-01
9.1151859e-01 1.7260500e-01 2.4439060e-01 3.1717330e-01 4.1136720e-01 4.3992980e-01 5.5217330e-01
9.1162340e-01 1.7084270e-01 2.4205280e-01 3.1466700e-01 4.0887830e-01 4.1318910e-01 5.2621110e-01
9.1172728e-01 1.6900550e-01 2.3960160e-01 3.1205040e-01 4.0629680e-01 3.8360540e-01 4.9462260e-01
9.1183022e-01 1.6706080e-01 2.3701450e-01 3.0929840e-01 4.0361930e-01 3.5221870e-01 4.5864000e-01
9.1193223e-01 1.6493430e-01 2.3414320e-01 3.0629200e-01 4.0073520e-01 3.2004600e-01 4.1992510e-01
9.1203331e-01 1.6257260e-01 2.3082540e-01 3.0278410e-01 3.9740220e-01 2.8817950e-01 3.8027120e-01
9.1213345e-01 1.5980690e-01 2.2678450e-01 2.9847140e-01 3.9325050e-01 2.5751060e-01 3.4128760e-01
9.1223265e-01 1.5653580e-01 2.2174220e-01 2.9291840e-01 3.8779390e-01 2.2866300e-01 3.0411560e-01
9.1233092e-01 1.5263800e-01 2.1544000e-01 2.8573130e-01 3.8043900e-01 2.0197300e-01 2.6956050e-01
9.1242826e-01 1.4801290e-01 2.0770820e-01 2.7657560e-01 3.7068250e-01 1.7765870e-01 2.3809470e-01
9.1252467e-01 1.4270220e-01 1.9850880e-01 2.6527360e-01 3.5815700e-01 1.5574430e-01 2.0987190e-01
9.1262014e-01 1.3669570e-01 1.8791780e-01 2.5184710e-01 3.4272750e-01 1.3615350e-01 1.8487240e-01
9.1271469e-01 1.3010990e-01 1.7617610e-01 2.3654040e-01 3.2454670e-01 1.1879740e-01 1.6293430e-01
9.1280830e-01 1.2306100e-01 1.6360770e-01 2.1978860e-01 3.0409490e-01 1.0352620e-01 1.4386450e-01
9.1290097e-01 1.1571700e-01 1.5061210e-01 2.0214990e-01 2.8198650e-01 9.0193320e-02 1.2736270e-01
9.1299272e-01 1.0821230e-01 1.3751190e-01 1.8413410e-01 2.5893170e-01 7.8555350e-02 1.1313350e-01
9.1308354e-01 1.0072650e-01 1.2469480e-01 1.6629460e-01 2.3561170e-01 6.8421440e-02 1.0090710e-01
9.1317342e-01 9.3371820e-02 1.1237760e-01 1.4902320e-01 2.1264470e-01 5.9605340e-02 9.0394200e-02
9.1326237e-01 8.6261670e-02 1.0078410e-01 1.3264420e-01 1.9047550e-01 5.1936260e-02 8.1358150e-02
9.1335040e-01 7.9461470e-02 9.0013450e-02 1.1741120e-01 1.6955510e-01 4.5272570e-02 7.3593390e-02
9.1343749e-01 7.3027110e-02 8.0154510e-02 1.0342320e-01 1.5005750e-01 3.9489470e-02 6.6892300e-02
9.1352365e-01 6.6971900e-02 7.1187410e-02 9.0718200e-02 1.3206990e-01 3.4436520e-02 6.1084240e-02
9.1360889e-01 6.1317990e-02 6.3132010e-02 7.9332280e-02 1.1577230e-01 3.0050580e-02 5.6056340e-02
9.1369319e-01 5.6062480e-02 5.5936800e-02 6.9241280e-02 1.0118060e-01 2.6260950e-02 5.1707760e-02
9.1377657e-01 5.1208120e-02 4.9537800e-02 6.0345150e-02 8.8230610e-02 2.2973990e-02 4.7930020e-02
9.1385902e-01 4.6737610e-02 4.3874160e-02 5.2551880e-02 7.6796140e-02 2.0125000e-02 4.4633620e-02
9.1394054e-01 4.2636840e-02 3.8876340e-02 4.5754480e-02 6.6757380e-02 1.7650220e-02 4.1749400e-02
9.1402113e-01 3.8878290e-02 3.4469750e-02 3.9839740e-02 5.7979100e-02 1.5494960e-02 3.9215490e-02
9.1410079e-01 3.5437830e-02 3.0587290e-02 3.4705660e-02 5.0324290e-02 1.3614890e-02 3.6968380e-02
9.1417952e-01 3.2304370e-02 2.7174530e-02 3.0255430e-02 4.3656210e-02 1.1969480e-02 3.4970080e-02
9.1425733e-01 2.9456170e-02 2.4175170e-02 2.6402510e-02 3.7850230e-02 1.0519800e-02 3.3170860e-02
9.1433421e-01 2.6868200e-02 2.1540440e-02 2.3069380e-02 3.2793570e-02 9.2400110e-03 3.1533550e-02
9.1441016e-01 2.4515740e-02 1.9228700e-02 2.0197910e-02 2.8441130e-02 8.1212220e-03 3.0052830e-02
9.1448519e-01 2.2379950e-02 1.7197570e-02 1.7727620e-02 2.4711730e-02 7.1475270e-03 2.8714470e-02
9.1455929e-01 2.0444250e-02 1.5415410e-02 1.5597200e-02 2.1508210e-02 6.2973140e-03 2.7488160e-02
9.1463246e-01 1.8683880e-02 1.3847030e-02 1.3759290e-02 1.8753450e-02 5.5531290e-03 2.6361960e-02
9.1470471e-01 1.7086540e-02 1.2465450e-02 1.2169390e-02 1.6383200e-02 4.9022650e-03 2.5310700e-02
9.1477603e-01 1.5632520e-02 1.1242420e-02 1.0793040e-02 1.4340880e-02 4.3311820e-03 2.4335280e-02
9.1484642e-01 1.4313620e-02 1.0163520e-02 9.5960970e-03 1.2576790e-02 3.8293740e-03 2.3413030e-02
9.1491589e-01 1.3110720e-02 9.2028390e-03 8.5536840e-03 1.1049360e-02 3.3884860e-03 2.2539800e-02
9.1498444e-01 1.2014590e-02 8.3479970e-03 7.6426390e-03 9.7234750e-03 2.9988210e-03 2.1700650e-02
9.1505206e-01 1.1012480e-02 7.5849690e-03 6.8426290e-03 8.5673620e-03 2.6548440e-03 2.0897520e-02
9.1511875e-01 1.0097600e-02 6.9000570e-03 6.1397070e-03 7.5610920e-03 2.3516710e-03 2.0124480e-02
9.1518452e-01 9.2630580e-03 6.2863010e-03 5.5191210e-03 6.6870760e-03 2.0859960e-03 1.9381160e-02
9.1524936e-01 8.5002330e-03 5.7348650e-03 4.9720420e-03 5.9261540e-03 1.8520420e-03 1.8667140e-02
9.1531329e-01 7.8027510e-03 5.2378270e-03 4.4876530e-03 5.2624310e-03 1.6455470e-03 1.7981750e-02
9.1537628e-01 7.1653920e-03 4.7893970e-03 4.0581700e-03 4.6844190e-03 1.4640790e-03 1.7317630e-02
9.1543835e-01 6.5819500e-03 4.3844320e-03 3.6769040e-03 4.1793700e-03 1.3043440e-03 1.6677370e-02
9.1549950e-01 6.0485810e-03 4.0174630e-03 3.3373470e-03 3.7379900e-03 1.1634200e-03 1.6059280e-02
9.1555973e-01 5.5597400e-03 3.6842500e-03 3.0340290e-03 3.3512450e-03 1.0389440e-03 1.5458580e-02
9.1561903e-01 5.1108860e-03 3.3809360e-03 2.7628860e-03 3.0121890e-03 9.2880310e-04 1.4875300e-02
9.1567741e-01 4.6989740e-03 3.1044920e-03 2.5197060e-03 2.7137030e-03 8.3110130e-04 1.4306620e-02
9.1573487e-01 4.3216490e-03 2.8526370e-03 2.3006360e-03 2.4504620e-03 7.4433990e-04 1.3755240e-02
9.1579140e-01 3.9763890e-03 2.6231300e-03 2.1031220e-03 2.2176980e-03 6.6710920e-04 1.3218370e-02
9.1584701e-01 3.6598800e-03 2.4137390e-03 1.9250330e-03 2.0120870e-03 5.9851870e-04 1.2696780e-02
9.1590170e-01 3.3700630e-03 2.2229420e-03 1.7646070e-03 1.8303510e-03 5.3736140e-04 1.2190220e-02
9.1595546e-01 3.1045710e-03 2.0489080e-03 1.6197470e-03 1.6696970e-03 4.8294130e-04 1.1696540e-02
9.1600831e-01 2.8612790e-03 1.8899100e-03 1.4887220e-03 1.5272490e-03 4.3431740e-04 1.1217150e-02
9.1606023e-01 2.6378080e-03 1.7447610e-03 1.3700170e-03 1.4009290e-03 3.9091870e-04 1.0751510e-02
9.1611123e-01 2.4328000e-03 1.6119590e-03 1.2625600e-03 1.2888520e-03 3.5215550e-04 1.0299060e-02
9.1616131e-01 2.2452580e-03 1.4904660e-03 1.1652410e-03 1.1892540e-03 3.1740300e-04 9.8580320e-03
9.1621047e-01 2.0733530e-03 1.3796430e-03 1.0770170e-03 1.1004900e-03 2.8629970e-04 9.4313960e-03
9.1625870e-01 1.9153010e-03 1.2782390e-03 9.9652110e-04 1.0209310e-03 2.5846130e-04 9.0169380e-03
9.1630601e-01 1.7710050e-03 1.1855500e-03 9.2289750e-04 9.4957280e-04 2.3361230e-04 8.6173590e-03
9.1635241e-01 1.6387330e-03 1.1007310e-03 8.5580890e-04 8.8535380e-04 2.1125830e-04 8.2301330e-03
9.1639788e-01 1.5177540e-03 1.0230900e-03 7.9455770e-04 8.2744080e-04 1.9128430e-04 7.8563680e-03
9.1644243e-01 1.4067840e-03 9.5193080e-04 7.3854540e-04 7.7503880e-04 1.7335180e-04 7.4959060e-03
9.1648606e-01 1.3050990e-03 8.8630210e-04 6.8729380e-04 7.2751610e-04 1.5728940e-04 7.1495020e-03
9.1652877e-01 1.2118360e-03 8.2608890e-04 6.4065620e-04 6.8419430e-04 1.4282920e-04 6.8148880e-03
9.1657056e-01 1.1263520e-03 7.7077550e-04 5.9838470e-04 6.4488990e-04 1.2984120e-04 6.4934740e-03
9.1661143e-01 1.0479980e-03 7.1995030e-04 5.5996620e-04 6.0881570e-04 1.1812130e-04 6.1833870e-03
9.1665138e-01 9.7608490e-04 6.7297020e-04 5.2460850e-04 5.7530390e-04 1.0755200e-04 5.8842540e-03
9.1669041e-01 9.0985380e-04 6.2951880e-04 4.9179690e-04 5.4374480e-04 9.7985610e-05 5.5966530e-03
9.1672852e-01 8.4883560e-04 5.8922390e-04 4.6130170e-04 5.1406080e-04 8.9339620e-05 5.3191850e-03
9.1676571e-01 7.9229310e-04 5.5156120e-04 4.3296150e-04 4.8624930e-04 8.1524810e-05 5.0537780e-03
9.1680198e-01 7.3987760e-04 5.1650600e-04 4.0664310e-04 4.6018790e-04 7.4458340e-05 4.7966860e-03
9.1683733e-01 6.9147630e-04 4.8394630e-04 3.8245970e-04 4.3610140e-04 6.8080620e-05 4.5516540e-03
9.1687176e-01 6.4693060e-04 4.5392850e-04 3.6026790e-04 4.1398420e-04 6.2325350e-05 4.3165030e-03
9.1690527e-01 6.0594720e-04 4.2639220e-04 3.4006540e-04 3.9373030e-04 5.7122220e-05 4.0906450e-03
9.1693786e-01 5.6821890e-04 4.0099130e-04 3.2156780e-04 3.7504280e-04 5.2414760e-05 3.8746510e-03
9.1696953e-01 5.3324840e-04 3.7743840e-04 3.0449540e-04 3.5763860e-04 4.8133820e-05 3.6674960e-03
9.1700029e-01 5.0077800e-04 3.5547240e-04 2.8855620e-04 3.4126930e-04 4.4227740e-05 3.4704290e-03
9.1703012e-01 4.7049120e-04 3.3495800e-04 2.7365570e-04 3.2577330e-04 4.0657640e-05 3.2825930e-03
9.1705904e-01 4.4233780e-04 3.1582720e-04 2.5978140e-04 3.1120210e-04 3.7403320e-05 3.1022260e-03
9.1708703e-01 4.1610630e-04 2.9801200e-04 2.4681110e-04 2.9740020e-04 3.4420600e-05 2.9311700e-03
9.1711411e-01 3.9170060e-04 2.8142040e-04 2.3471180e-04 2.8447820e-04 3.1703300e-05 2.7676990e-03
9.1714027e-01 3.6895900e-04 2.6604340e-04 2.2334730e-04 2.7219790e-04 2.9207790e-05 2.6120790e-03
9.1716551e-01 3.4786650e-04 2.5184030e-04 2.1266160e-04 2.6053850e-04 2.6927590e-05 2.4638180e-03
9.1718983e-01 3.2837830e-04 2.3880460e-04 2.0256030e-04 2.4942400e-04 2.4832800e-05 2.3220730e-03
9.1721324e-01 3.1036220e-04 2.2690360e-04 1.9294770e-04 2.3878600e-04 2.2914060e-05 2.1871290e-03
9.1723572e-01 2.9373130e-04 2.1607610e-04 1.8374780e-04 2.2851810e-04 2.1137130e-05 2.0586770e-03
9.1725729e-01 2.7831270e-04 2.0615550e-04 1.7490320e-04 2.1856910e-04 1.9500460e-05 1.9357640e-03
9.1727794e-01 2.6389080e-04 1.9696780e-04 1.6637700e-04 2.0890200e-04 1.7984740e-05 1.8184630e-03
9.1729767e-01 2.5026430e-04 1.8830520e-04 1.5809190e-04 1.9944100e-04 1.6579810e-05 1.7057980e-03
9.1731648e-01 2.3728840e-04 1.8000560e-04 1.5001100e-04 1.9006640e-04 1.5279650e-05 1.5981520e-03
9.1733438e-01 2.2472520e-04 1.7186650e-04 1.4207200e-04 1.8077850e-04 1.4063050e-05 1.4945820e-03
9.1735135e-01 2.1237170e-04 1.6372690e-04 1.3423570e-04 1.7151720e-04 1.2920720e-05 1.3947630e-03
9.1736741e-01 2.0012370e-04 1.5545490e-04 1.2646400e-04 1.6220290e-04 1.1845490e-05 1.2984460e-03
9.1738255e-01 1.8798390e-04 1.4703630e-04 1.1874320e-04 1.5284740e-04 1.0831130e-05 1.2052800e-03
9.1739678e-01 1.7589120e-04 1.3847930e-04 1.1106470e-04 1.4345220e-04 9.8742550e-06 1.1152260e-03
9.1741008e-01 1.6388150e-04 1.2980820e-04 1.0344820e-04 1.3403980e-04 8.9720430e-06 1.0280080e-03
9.1742247e-01 1.5194430e-04 1.2101520e-04 9.5873930e-05 1.2459340e-04 8.1198500e-06 9.4341830e-04
9.1743394e-01 1.4004960e-04 1.1212330e-04 8.8340350e-05 1.1512050e-04 7.3150400e-06 8.6134530e-04
9.1744449e-01 1.2822100e-04 1.0312400e-04 8.0839980e-05 1.0562130e-04 6.5530670e-06 7.8151790e-04
9.1745412e-01 1.1643940e-04 9.4048260e-05 7.3378410e-05 9.6092970e-05 5.8316470e-06 7.0380830e-04
9.1746284e-01 1.0471170e-04 8.4867610e-05 6.5949520e-05 8.6542300e-05 5.1452310e-06 6.2799270e-04
9.1747064e-01 9.3017810e-05 7.5622370e-05 5.8549520e-05 7.6978260e-05 4.4915810e-06 5.5386150e-04
9.1747752e-01 8.1374620e-05 6.6322770e-05 5.1174930e-05 6.7395420e-05 3.8669580e-06 4.8134660e-04
9.1748348e-01 6.9751090e-05 5.6943610e-05 4.3823450e-05 5.7790590e-05 3.2674590e-06 4.1008090e-04
9.1748853e-01 5.8162630e-05 4.7527710e-05 3.6487740e-05 4.8183500e-05 2.6901670e-06 3.3999780e-04
9.1749266e-01 4.6597930e-05 3.8077260e-05 2.9173010e-05 3.8560590e-05 2.1303300e-06 2.7088650e-04
9.1749587e-01 3.5053340e-05 2.8586460e-05 2.1867350e-05 2.8927520e-05 1.5852790e-06 2.0247910e-04
9.1749816e-01 2.3519130e-05 1.9071210e-05 1.4572450e-05 1.9287850e-05 1.0507680e-06 1.3466730e-04
9.1749954e-01 1.1994540e-05 9.5391290e-06 7.2849280e-06 9.6453490e-06 5.2359040e-07 6.7244370e-05
9.1750000e-01 4.7608990e-07 0.0000000e+00 0.0000000e+00 0.0000000e+00 0.0000000e+00 0.0000000e+00
